600,200
595,205
594,204
589,204
585,205
582,207
580,208
581,204
579,204
578,206
576,205
573,207
571,206
569,208
568,207
567,207
564,208
564,210
563,211
558,210
559,206
559,206
561,206
556,210
553,211
551,211
548,213
543,217
543,216
539,220
540,218
542,214
539,215
535,220
531,221
531,222
529,220
530,219
528,220
522,224
518,227
514,228
513,231
514,232
512,233
509,233
505,237
507,236
507,234
512,230
508,229
505,233
506,230
499,234
497,233
495,236
491,237
488,239
485,240
483,241
480,243
477,243
474,247
471,249
471,247
470,247
467,246
466,245
463,247
460,249
461,250
462,248
459,249
459,248
456,246
454,248
451,251
448,253
448,254
448,251
447,249
443,252
438,254
433,256
432,254
433,252
432,252
431,252
432,252
429,253
428,254
429,251
427,249
424,250
421,251
418,253
419,252
420,250
419,246
421,243
420,244
419,245
414,246
415,245
416,246
412,248
414,247
413,246
412,248
411,247
408,250
408,252
405,253
406,256
406,255
406,256
404,256
402,255
402,256
399,256
398,258
397,260
394,261
394,263
395,264
393,267
392,269
392,271
394,272
396,267
396,270
391,272
393,273
391,274
393,271
391,275
388,277
387,277
388,275
385,274
382,277
385,276
383,275
383,275
381,277
380,278
381,283
378,283
377,284
377,285
375,285
373,285
370,286
371,283
371,282
373,284
371,288
371,292
372,292
375,291
377,291
375,290
373,291
372,295
370,297
370,299
373,296
372,297
371,296
368,296
366,297
364,297
362,296
363,297
362,296
358,295
357,292
353,295
353,297
350,297
350,299
352,297
349,301
348,302
352,297
351,296
350,296
355,292
359,293
357,291
355,296
356,296
354,301
353,300
351,301
351,300
350,299
348,301
345,303
344,300
341,302
341,304
342,303
341,306
341,307
339,311
337,317
337,316
338,314
337,317
335,317
332,324
334,321
331,319
328,320
325,322
326,320
329,324
327,324
325,322
328,323
327,324
326,326
326,328
325,333
325,335
321,338
321,340
325,338
321,339
323,335
322,334
316,338
316,337
319,336
319,333
317,338
316,342
318,341
316,342
313,339
309,339
308,342
307,343
307,347
307,345
309,347
310,347
307,349
306,351
303,350
301,348
305,347
307,346
304,347
302,348
298,351
299,353
297,355
300,355
300,353
298,352
294,353
291,356
293,353
295,350
299,347
298,347
297,348
297,352
297,353
295,354
292,359
288,361
291,358
290,360
291,360
293,360
294,362
292,365
291,367
287,369
287,369
285,368
284,370
284,372
285,371
285,374
280,376
279,375
277,375
280,371
284,369
281,372
276,375
277,376
276,378
278,378
277,381
277,385
273,389
269,395
270,396
268,400
267,400
264,401
263,405
265,406
267,403
263,406
263,405
261,407
258,412
256,413
254,416
257,413
256,416
256,418
257,417
258,414
252,421
252,418
249,415
249,416
246,419
246,414
244,414
243,416
240,420
240,421
239,424
242,422
241,426
237,428
237,429
237,431
238,430
236,430
238,428
238,429
235,430
234,430
232,433
232,435
230,441
228,442
228,442
232,439
231,438
230,441
226,445
227,449
224,455
222,456
222,453
216,458
215,460
213,463
214,465
215,463
215,463
214,460
212,461
214,460
215,461
216,459
215,463
214,468
213,471
211,472
213,474
211,476
210,477
209,480
210,481
211,478
212,479
211,482
207,483
207,483
205,488
203,491
201,494
201,500
200,501
199,502
199,501
198,503
197,505
196,509
196,510
196,509
194,510
193,514
193,515
195,512
195,516
194,519
194,522
194,525
195,525
196,529
197,529
197,530
196,532
195,534
196,534
195,534
196,538
197,534
198,537
200,535
199,537
198,538
196,543
199,542
198,543
195,546
192,551
191,553
190,553
190,554
187,558
187,559
189,560
187,564
188,565
189,566
190,567
191,568
189,567
190,566
189,570
187,574
189,574
190,573
190,576
192,576
195,572
195,573
193,576
192,578
190,582
190,585
188,587
188,589
187,591
186,591
187,591
187,593
184,598
185,597
184,601
183,603
183,602
183,603
181,606
180,608
180,608
178,611
177,612
179,612
179,612
179,613
177,612
176,615
175,618
174,619
173,620
173,623
174,624
174,624
176,624
176,625
176,627
177,626
176,628
174,631
174,631
172,634
170,637
168,642
169,643
168,645
168,648
167,651
165,653
164,655
165,656
163,657
162,659
162,661
163,662
163,661
161,662
160,664
162,662
164,659
163,660
163,660
163,660
164,659
164,660
163,662
164,665
163,666
164,664
168,662
166,665
165,669
168,667
169,668
170,669
170,669
168,672
167,675
167,674
167,676
168,676
167,678
169,676
170,675
170,675
171,676
172,678
173,679
172,681
172,682
173,682
172,684
173,681
171,685
172,685
170,691
171,690
170,693
169,694
168,696
167,696
165,699
163,702
164,701
163,700
160,701
159,702
159,701
158,702
156,706
156,705
153,709
154,709
153,709
150,712
150,712
148,715
147,719
146,722
144,724
144,725
142,729
142,729
141,732
139,735
143,732
144,730
142,733
142,733
142,733
139,736
137,736
136,739
134,743
132,746
130,748
129,749
128,750
126,753
128,751
126,755
126,755
124,757
122,761
122,760
122,762
122,762
123,762
122,762
121,763
121,765
121,766
122,766
121,768
119,770
118,770
117,772
118,771
118,773
118,775
117,776
117,778
119,776
118,777
116,779
116,779
116,781
117,783
118,781
116,783
116,784
115,784
117,783
118,781
116,786
115,789
115,789
115,789
114,790
113,791
114,791
113,793
111,795
111,797
111,798
110,799
108,800
107,802
107,805
106,807
106,809
105,810
105,812
105,812
104,813
105,812
103,814
101,816
100,818
100,819
98,821
98,821
97,822
98,821
97,822
97,824
95,828
96,827
97,827
96,829
95,831
95,831
95,834
95,833
96,834
97,834
95,836
95,836
94,840
94,842
93,844
93,844
94,843
94,843
94,844
93,845
92,846
92,847
92,847
91,847
90,848
88,851
88,852
88,853
87,854
85,856
83,858
83,858
84,859
84,860
82,864
83,864
83,864
84,863
83,864
85,863
86,863
85,864
83,866
85,864
84,865
84,865
83,866
81,868
80,869
78,871
76,874
76,875
77,875
78,874
76,877
76,878
74,881
74,883
74,883
75,882
75,882
74,883
75,882
75,882
75,883
76,882
77,882
77,883
76,884
76,884
74,886
73,887
72,888
73,887
72,889
69,893
69,894
68,895
67,896
65,898
65,901
64,903
64,903
64,904
64,905
65,905
64,906
63,908
63,909
62,911
62,914
62,914
62,914
61,915
60,916
61,915
60,916
59,917
59,918
59,918
58,919
58,920
58,920
57,921
58,920
57,921
59,919
61,917
61,918
60,919
60,919
60,919
59,920
58,921
58,921
58,921
57,922
57,922
57,922
57,922
57,922
58,921
58,921
57,923
57,923
57,923
56,924
56,924
55,925
54,926
54,926
54,926
54,926
55,925
55,926
55,926
55,927
54,928
54,928
53,929
53,929
54,928
54,929
54,929
54,929
54,930
54,930
52,933
52,933
52,933
52,933
51,934
50,935
49,936
49,936
48,937
48,937
