400,400
392,408
389,411
385,413
381,415
381,413
381,413
379,414
377,415
380,415
377,417
378,416
381,416
379,414
376,417
378,416
380,412
382,410
383,409
381,412
374,417
373,416
371,415
370,416
370,418
372,419
375,419
370,421
373,419
373,419
372,418
371,422
370,421
372,421
372,422
372,419
370,423
367,424
366,424
363,426
361,427
361,427
359,431
354,437
352,441
351,442
346,448
344,451
343,451
343,452
345,449
342,450
344,449
344,450
346,451
342,458
340,458
339,458
335,464
333,466
332,468
333,467
334,466
333,468
329,470
326,474
326,473
325,474
323,477
323,478
319,485
322,484
320,487
317,491
313,496
312,496
311,494
311,496
311,497
310,498
307,502
306,503
309,500
306,504
307,502
303,505
303,505
301,507
298,508
298,508
297,510
297,510
296,512
297,511
294,516
292,520
293,520
294,518
292,519
292,522
289,524
289,526
290,528
285,533
287,532
286,535
289,532
284,535
282,537
279,542
277,542
281,539
281,539
281,540
281,541
280,543
277,546
277,547
276,548
274,551
275,551
271,555
271,554
270,556
271,555
270,556
269,560
269,560
267,562
265,561
262,564
260,567
261,565
261,566
262,567
259,571
260,571
259,573
256,577
252,582
250,588
251,591
251,591
254,590
257,587
258,585
257,585
256,589
258,591
259,592
258,593
257,592
257,593
254,597
252,599
252,601
250,604
249,606
248,610
246,612
244,616
242,617
242,618
239,620
238,622
240,623
239,626
240,628
241,628
239,631
238,633
237,635
236,638
237,637
235,640
234,643
233,646
229,650
230,649
232,648
231,650
231,651
230,654
224,660
223,664
221,664
222,662
220,663
216,668
215,668
216,667
214,670
213,672
213,672
211,673
209,673
209,674
209,675
209,678
208,680
206,681
206,684
207,684
207,687
208,687
207,687
207,688
204,692
203,695
201,697
200,699
200,699
201,698
200,700
199,703
199,702
199,702
202,698
200,701
199,703
198,706
194,711
196,709
195,711
193,713
194,714
191,716
190,717
189,719
187,723
185,725
184,727
183,730
182,732
178,738
176,741
176,742
175,743
176,742
173,745
173,746
174,749
173,750
174,751
176,751
175,751
174,757
175,756
173,760
173,759
173,760
174,761
174,763
174,763
175,762
174,763
171,767
170,769
170,769
169,770
170,769
170,770
170,770
169,771
168,772
166,775
165,776
164,776
163,778
164,777
164,778
163,781
164,780
162,782
162,785
162,787
163,788
162,790
161,792
162,792
160,794
158,797
160,795
161,797
158,800
156,803
154,805
152,809
153,808
153,808
152,808
152,809
150,812
147,816
145,818
145,817
143,819
144,818
143,820
143,820
142,823
142,823
141,824
139,827
138,829
137,830
138,829
138,829
139,829
138,830
139,829
139,829
140,829
139,832
137,835
136,837
135,839
136,838
134,840
134,840
133,841
134,840
134,840
132,842
131,843
131,844
129,846
128,847
127,849
126,850
123,853
123,853
122,855
123,855
123,855
123,855
124,854
120,858
121,857
119,860
121,858
119,860
117,862
113,866
112,867
111,868
113,866
112,867
111,868
112,868
111,869
108,874
108,874
106,876
105,876
105,877
106,876
105,877
103,879
102,880
101,881
98,884
96,888
94,890
92,892
92,893
91,893
92,894
93,893
94,894
91,897
90,898
86,902
85,903
84,904
85,903
86,902
86,903
85,904
85,904
84,906
84,906
84,906
84,906
85,906
85,906
83,908
82,909
81,910
81,910
80,911
80,911
79,912
77,914
77,914
76,915
75,916
74,917
73,918
74,917
74,917
72,919
73,918
73,918
72,919
73,918
73,918
75,916
75,916
75,916
76,915
75,916
74,917
74,917
75,917
73,919
73,919
72,920
72,920
72,920
72,920
70,922
68,924
69,923
69,923
69,923
67,925
67,925
67,925
67,925
67,925
67,925
67,925
67,925
67,925
67,925
68,924
67,925
65,927
65,927
64,928
62,930
62,930
62,930
62,930
62,931
62,931
62,931
61,932
61,932
59,934
59,934
58,935
57,936
56,937
56,937
56,937
56,937
56,937
55,939
54,940
54,941
54,941
54,941
54,941
54,941
53,942
53,942
53,943
53,943
53,943
52,944
52,944
52,944
51,945
51,946
49,948
49,948
49,948
49,948
49,948
49,948
49,948
48,949
48,949
48,949
48,949
48,949
48,949
47,950
46,952
45,953
45,953
44,954
44,954
44,954
44,954
44,954
44,954
44,954
42,956
42,956
42,956
41,957
40,958
40,958
39,959
38,960
39,959
38,960
38,960
38,960
37,961
37,961
36,962
36,962
37,961
37,961
37,961
36,962
36,962
35,963
36,962
35,963
35,963
35,963
34,964
35,963
35,963
36,962
36,962
37,961
37,961
37,961
36,962
37,961
38,960
38,960
39,959
39,959
38,960
39,959
40,958
42,956
42,956
42,956
42,956
42,956
42,956
42,956
41,957
40,958
40,958
38,960
38,960
38,960
39,959
39,959
39,959
37,961
37,961
37,961
37,961
37,961
37,961
36,962
36,962
36,962
36,962
36,962
36,962
36,962
36,962
37,961
37,961
37,961
37,961
38,960
38,960
38,960
38,960
38,960
37,961
37,961
37,961
37,961
37,961
37,961
36,962
37,961
36,962
35,963
36,962
36,962
36,962
36,962
37,961
37,961
37,961
37,961
37,961
37,961
36,962
36,962
37,961
37,961
37,961
37,961
36,962
36,962
36,962
35,963
35,963
34,964
33,965
33,965
32,966
32,966
32,966
32,966
32,966
32,966
32,966
32,966
32,966
32,966
32,966
31,967
31,967
30,968
30,968
30,968
30,968
30,968
28,970
29,969
30,968
30,968
30,968
30,968
30,968
30,968
29,969
29,969
31,967
31,967
31,967
31,967
30,968
29,969
28,970
28,970
29,969
29,969
28,970
27,971
27,971
27,971
