400,200
396,204
395,202
391,202
388,199
387,201
384,204
380,208
375,208
373,206
367,210
366,213
364,212
363,214
361,211
358,211
356,210
352,209
353,208
352,209
354,208
354,208
354,209
355,208
353,209
353,210
352,210
349,213
347,217
349,216
351,212
351,214
354,212
352,210
356,208
356,214
355,218
352,219
353,223
352,223
349,228
345,227
340,231
339,232
341,231
342,229
342,228
341,229
339,229
339,229
340,227
345,226
340,225
339,226
341,226
340,230
340,232
340,229
340,228
344,226
344,228
343,231
340,231
341,230
340,231
340,233
337,233
334,235
334,236
337,234
334,236
336,236
337,237
338,237
342,234
340,235
341,235
342,234
344,233
340,233
343,231
341,234
336,235
338,234
333,234
332,233
332,234
330,235
332,233
330,233
328,234
328,233
327,235
327,235
324,237
328,238
327,237
326,241
323,238
324,236
321,237
322,237
323,235
319,235
322,233
323,233
322,231
323,231
322,234
321,235
318,236
319,237
316,241
314,243
311,242
307,244
303,242
300,244
300,243
302,243
301,246
303,247
302,248
303,247
302,250
301,249
299,250
298,251
300,250
296,252
294,250
291,251
287,253
287,252
286,251
289,248
288,245
286,242
285,242
284,242
281,245
281,245
280,247
281,246
284,246
282,244
281,244
280,247
280,248
280,249
281,252
280,255
282,254
281,253
281,253
282,252
285,252
286,254
288,252
287,253
286,257
286,258
288,255
287,256
286,256
284,259
284,258
283,258
287,258
285,261
286,259
285,257
285,259
286,260
284,259
285,256
282,259
280,261
279,262
277,263
276,261
276,262
277,263
277,261
275,262
273,258
273,257
272,259
270,260
271,260
273,258
274,258
273,254
274,256
273,258
273,261
272,265
270,265
270,263
268,263
271,263
273,265
275,267
275,267
274,266
272,267
273,267
271,270
272,266
269,266
268,269
265,272
264,274
264,276
263,270
264,274
267,272
268,273
269,273
270,276
269,277
265,279
263,282
260,282
259,282
263,284
261,289
260,291
261,291
260,288
259,288
260,284
258,288
259,288
257,285
255,287
254,288
253,289
254,290
258,288
257,286
255,287
258,284
259,286
256,286
255,283
252,282
250,286
252,288
249,291
246,290
247,290
250,292
251,292
254,290
256,290
254,291
254,292
258,288
256,293
257,296
255,296
259,294
259,294
258,300
259,302
259,303
259,301
260,304
261,303
262,303
263,304
266,303
264,305
263,303
265,305
265,302
265,304
268,302
264,305
268,305
269,307
269,308
269,310
269,312
270,312
270,308
270,308
271,307
269,311
272,312
268,316
264,318
265,313
262,314
262,315
261,314
261,312
263,310
264,312
263,313
261,313
261,315
258,318
255,321
260,320
256,323
253,327
254,329
255,326
255,326
256,325
255,325
253,327
254,326
255,325
255,327
256,326
253,328
249,330
247,332
242,335
243,331
242,333
241,338
243,334
243,337
244,336
241,337
242,338
243,338
240,340
238,342
238,342
239,339
239,338
239,339
239,337
240,334
240,337
239,342
240,340
238,341
238,345
238,345
235,349
235,348
238,348
238,351
237,350
235,352
236,356
237,358
237,361
235,364
229,373
228,374
226,378
227,379
226,381
225,382
226,381
223,382
224,382
221,386
222,386
221,386
222,385
221,392
222,392
221,394
219,397
218,399
219,398
217,400
216,400
217,399
217,401
214,404
213,405
210,408
211,407
213,404
212,409
213,412
211,415
209,413
209,413
207,418
210,417
211,421
210,424
206,431
205,435
205,436
205,438
206,439
205,441
206,441
207,442
209,441
210,439
212,443
213,444
214,445
214,446
215,443
215,445
216,447
218,444
217,446
218,444
218,446
216,450
214,454
214,453
213,459
212,461
210,462
208,466
207,466
208,466
210,466
210,468
209,467
209,464
209,467
210,467
212,467
214,468
215,471
213,478
214,479
216,476
216,478
216,478
217,477
215,482
215,485
213,487
213,487
215,486
215,489
218,490
218,491
215,496
216,496
216,500
216,502
215,504
214,504
212,511
210,514
209,514
208,517
210,517
213,517
213,521
211,527
211,531
209,535
210,536
209,538
209,543
209,539
209,540
206,545
208,547
209,549
206,553
206,556
204,560
203,564
204,563
203,565
205,563
204,568
202,570
200,572
200,572
197,577
199,577
194,581
194,585
193,591
191,597
192,597
191,601
191,603
191,604
192,606
193,605
194,604
193,605
191,607
190,609
189,614
188,613
186,615
186,618
189,616
188,617
187,620
188,622
188,622
189,621
188,623
187,627
186,631
183,636
182,638
182,638
180,641
181,643
181,647
181,648
177,651
177,654
177,652
175,654
173,656
173,659
172,660
171,662
168,664
167,665
163,667
162,669
161,671
162,673
162,676
159,675
158,677
157,678
157,678
158,677
158,678
159,679
158,681
156,686
157,685
156,687
154,689
151,691
149,695
146,697
145,698
144,702
146,701
145,704
142,707
142,706
142,705
140,708
140,709
139,712
138,715
141,712
141,713
142,713
143,713
140,719
140,719
137,724
136,727
136,728
134,732
135,731
131,737
130,742
129,743
130,743
129,745
127,749
126,753
125,755
123,758
124,758
124,759
124,762
123,765
127,762
128,762
128,763
129,764
129,767
127,770
125,772
124,772
123,774
121,777
120,778
120,777
121,776
121,776
121,776
119,780
118,783
118,785
118,787
117,789
116,790
116,793
116,794
115,796
114,799
113,802
113,802
112,802
114,801
113,802
112,804
112,805
112,806
110,809
109,809
110,810
110,811
110,813
109,815
108,816
110,814
110,815
112,813
113,812
111,814
111,814
107,818
104,820
104,821
104,822
102,825
101,827
101,827
100,829
98,831
97,832
97,833
96,836
92,841
90,844
90,844
89,845
88,847
86,850
86,852
86,851
85,853
85,853
85,854
84,855
84,855
83,858
82,859
83,859
83,859
83,859
82,860
80,862
79,863
79,864
78,866
78,866
78,867
78,869
78,869
77,871
78,870
78,871
79,873
77,876
77,877
75,879
75,880
74,882
75,881
75,881
75,880
75,881
75,881
75,880
75,880
75,880
73,882
74,882
73,884
71,886
70,887
70,887
70,887
70,887
70,887
72,886
71,887
71,887
71,888
71,889
70,891
70,891
67,894
66,895
65,896
64,897
61,899
61,899
62,898
61,899
62,898
63,897
63,897
63,898
63,899
63,900
60,903
60,903
60,904
61,904
61,904
61,904
59,906
58,908
57,909
57,910
56,911
57,910
57,911
57,911
57,912
57,912
57,912
57,912
57,912
57,912
56,913
56,913
56,915
53,918
53,919
53,919
54,918
52,921
49,924
49,924
49,924
49,924
49,926
49,926
49,926
46,929
45,931
45,931
43,933
43,934
43,933
44,932
44,932
44,933
44,933
43,933
43,933
41,935
38,938
38,939
38,940
37,941
37,941
36,942
36,942
36,943
36,943
36,943
36,944
36,944
35,945
35,945
36,944
35,945
35,945
33,947
33,947
33,947
33,947
33,947
32,950
31,953
31,954
30,955
30,955
30,955
30,955
29,956
28,957
28,957
28,957
28,957
28,957
28,957
27,958
28,957
28,957
28,957
