900,50
899,51
898,52
898,52
896,52
895,53
893,54
894,54
892,54
892,55
889,56
885,59
885,59
885,59
883,59
882,59
879,59
877,62
878,61
874,63
871,64
871,64
873,62
872,61
869,60
870,60
868,60
864,62
866,59
867,58
865,57
862,57
860,58
856,60
855,59
853,61
851,61
851,61
850,61
850,61
849,61
848,61
847,62
846,61
843,62
845,62
841,61
835,62
834,63
830,63
828,63
826,62
824,64
823,63
819,64
816,64
815,64
814,64
812,64
810,62
808,63
805,62
800,63
798,63
796,63
791,65
791,64
790,65
788,66
789,64
784,66
782,67
779,69
779,69
775,71
773,70
769,72
765,73
761,73
758,73
756,73
752,74
755,74
754,74
753,73
749,74
746,75
742,76
740,76
738,79
738,78
739,78
741,75
736,76
737,76
732,77
728,76
722,77
724,77
725,74
719,75
718,75
717,75
715,75
715,75
708,77
704,76
699,77
696,78
695,78
695,75
690,75
686,77
684,77
679,80
677,80
675,79
674,79
669,79
665,80
661,80
660,79
658,79
660,80
657,80
655,79
652,78
650,79
650,79
647,80
643,82
641,82
640,83
642,83
641,82
636,82
638,82
635,83
631,81
629,80
630,80
630,80
630,80
629,80
626,79
621,79
621,78
620,77
620,75
616,75
614,77
616,75
618,75
617,76
612,78
610,79
610,80
608,79
608,79
607,79
603,83
602,83
603,81
601,80
595,81
591,82
587,81
587,81
586,79
591,79
588,79
591,77
591,78
591,77
588,76
583,75
583,76
579,76
576,75
574,76
570,76
569,75
571,74
568,75
567,75
565,76
562,75
558,76
560,76
560,75
559,76
560,74
555,76
556,75
551,75
548,75
545,76
546,76
540,78
536,77
535,76
533,76
529,75
530,76
529,77
529,76
526,76
528,77
526,78
525,78
523,78
522,76
524,75
520,76
521,76
516,80
514,79
511,78
510,79
505,78
503,79
501,79
505,76
502,76
501,76
499,75
500,75
503,75
497,77
499,76
499,77
500,75
496,76
497,76
497,75
500,74
498,73
496,73
497,72
495,71
492,70
492,70
492,70
488,70
486,70
487,69
484,69
483,69
479,68
475,68
477,68
472,68
468,68
466,70
462,70
464,71
461,71
455,72
455,71
456,72
453,73
453,72
455,71
451,73
446,75
448,75
445,75
445,74
445,75
445,75
442,79
439,79
438,78
437,76
438,75
433,77
433,77
430,77
431,76
434,76
432,77
431,77
430,77
431,77
430,77
430,75
427,76
427,74
425,73
427,71
428,70
428,70
426,70
423,72
422,71
421,71
417,70
412,68
410,68
413,67
413,66
411,65
412,64
413,66
412,66
416,65
415,66
416,66
418,66
414,66
413,68
414,67
414,66
413,65
412,65
408,64
408,64
406,64
403,64
401,65
398,65
397,63
397,65
396,66
393,66
394,65
393,65
388,65
387,64
387,62
385,62
385,62
383,62
379,61
376,60
380,60
380,61
382,63
381,64
381,65
381,63
381,64
380,64
379,64
378,64
375,62
377,61
379,61
377,61
376,59
376,58
377,58
377,58
376,58
376,59
375,59
372,60
370,60
367,60
365,59
363,58
362,58
361,58
359,58
360,58
359,57
363,56
361,58
358,59
359,59
362,59
365,57
365,56
362,56
362,56
363,55
364,53
364,53
364,53
362,53
362,53
362,54
356,54
353,53
353,53
354,53
355,52
354,52
357,52
359,51
358,52
357,52
355,52
354,52
350,52
349,51
347,52
343,53
346,53
345,52
347,52
348,52
344,51
342,51
341,51
342,51
344,50
343,50
342,49
343,49
340,49
340,48
341,49
342,49
340,49
340,48
342,48
341,47
339,47
339,47
339,47
340,47
340,47
340,45
342,46
342,48
335,48
330,47
330,49
329,48
327,48
327,46
324,47
321,47
323,48
325,48
327,48
328,48
329,48
334,48
334,47
331,48
328,49
329,48
327,48
325,48
322,48
324,46
323,46
324,47
324,47
323,47
325,46
325,46
324,47
326,45
325,45
327,46
325,46
325,45
326,44
325,44
325,44
326,43
326,42
325,41
329,41
327,42
328,42
328,43
327,43
325,43
327,44
328,43
326,43
321,44
320,43
319,43
319,42
318,43
316,42
316,42
314,42
313,41
314,40
309,40
314,39
311,39
311,40
310,39
309,41
310,41
312,40
312,39
309,39
306,39
306,39
304,37
299,38
299,38
296,39
296,39
295,39
296,37
294,36
291,35
289,33
291,33
289,33
287,33
288,33
287,34
286,33
288,33
288,33
287,33
286,33
285,32
283,32
278,32
280,32
279,30
282,30
283,31
283,30
282,30
282,31
279,31
283,30
283,30
280,31
282,31
281,31
280,31
281,31
280,31
278,31
276,32
276,31
281,30
282,30
283,30
284,29
283,28
284,28
285,28
286,28
288,25
285,25
285,25
285,24
283,24
285,23
283,23
281,23
277,23
279,23
279,23
277,23
278,23
277,23
274,23
274,23
274,23
273,23
272,23
273,23
274,23
274,24
276,24
273,24
272,24
274,23
274,23
277,23
275,23
274,22
275,23
277,23
278,22
280,22
281,22
282,22
279,21
281,21
282,21
283,21
283,21
284,20
281,20
282,20
280,20
278,21
278,21
277,19
277,20
276,19
276,19
275,19
277,18
278,18
279,19
280,19
283,19
284,20
285,20
286,20
288,19
288,19
286,19
285,19
284,19
284,19
286,18
288,18
287,18
288,18
289,17
291,16
291,16
289,17
290,17
289,17
286,17
285,16
283,16
285,16
288,16
284,16
282,16
284,16
284,16
286,16
281,16
284,16
283,17
280,16
281,16
282,17
284,17
285,17
289,17
293,15
295,15
296,15
297,15
296,14
293,13
295,13
295,14
295,14
295,15
295,15
298,15
296,15
296,15
296,15
298,15
301,15
303,15
306,15
309,15
306,15
305,15
306,14
309,14
306,14
306,14
307,14
306,14
308,15
310,15
308,15
308,15
307,15
306,15
304,15
302,14
302,14
300,13
302,13
303,13
303,13
303,13
301,13
300,13
300,13
300,13
298,12
301,13
303,12
304,12
305,12
305,12
305,12
302,12
303,12
303,12
301,12
300,13
299,13
297,13
292,13
292,13
289,13
287,13
290,13
291,13
288,13
286,13
285,13
284,13
287,13
285,13
286,13
285,13
281,12
282,12
279,12
279,12
279,12
278,12
281,10
279,10
279,9
276,9
275,9
276,9
269,9
273,9
273,9
272,9
272,9
271,9
271,9
269,9
271,9
275,9
273,9
275,9
274,9
274,9
277,9
278,9
281,9
281,9
284,9
285,10
287,9
284,9
284,9
286,9
287,10
284,10
285,10
286,10
287,10
287,10
285,10
288,10
286,10
284,9
285,9
285,9
287,9
288,9
284,9
282,9
281,9
279,9
278,9
279,9
278,9
277,9
277,9
279,9
274,9
272,9
268,9
267,8
267,8
269,8
270,8
270,8
273,8
268,8
268,8
269,8
267,8
268,8
268,9
271,9
274,9
276,9
276,9
273,9
271,9
268,9
268,9
268,9
270,9
