800,150
796,154
795,154
792,157
789,159
787,162
783,165
783,167
782,166
777,170
775,172
774,169
768,173
763,178
762,179
759,183
756,186
750,191
746,194
748,190
747,190
747,190
746,190
744,191
737,195
735,196
733,198
731,199
730,200
727,203
726,204
723,203
721,205
723,203
720,203
718,205
717,206
713,209
706,214
702,216
697,218
696,221
692,224
690,227
684,229
683,229
679,229
678,230
676,231
675,231
670,235
667,237
661,241
657,243
652,248
651,249
646,252
649,251
647,252
642,254
639,256
638,259
636,259
633,260
630,260
627,260
625,262
623,264
619,267
618,268
617,267
617,266
612,269
607,271
607,271
605,270
603,273
600,275
598,277
594,279
591,280
591,281
588,287
589,288
588,289
587,289
586,288
586,289
585,288
585,289
583,290
590,285
587,285
582,287
580,287
577,287
572,291
566,296
561,301
555,307
554,308
550,313
549,313
552,311
554,311
548,317
544,317
543,317
541,316
539,317
540,317
539,317
535,320
533,321
530,322
530,322
531,320
527,324
527,324
524,326
524,329
523,329
520,331
518,334
517,333
515,335
512,339
508,343
505,348
503,349
501,351
500,352
499,355
501,353
504,350
500,353
500,353
497,353
496,354
492,359
491,361
491,362
485,366
486,364
483,366
479,368
476,372
477,371
477,369
474,373
473,375
472,377
468,380
469,376
467,377
461,382
459,382
456,383
454,384
453,386
450,387
446,391
445,394
444,394
444,392
442,393
441,394
440,394
437,398
438,401
433,407
428,408
424,412
418,415
414,419
414,420
409,424
407,428
410,425
409,426
410,425
407,429
403,433
402,435
403,436
402,440
402,444
401,446
401,449
398,451
398,449
398,450
397,451
393,454
390,458
389,459
387,462
380,466
377,468
374,468
372,471
374,469
371,473
369,476
371,474
370,475
368,479
365,482
359,487
356,490
358,489
356,490
355,493
350,498
349,501
348,502
347,502
345,504
341,507
337,511
339,510
337,512
334,513
335,514
333,518
331,517
330,516
328,518
328,519
326,520
326,520
327,521
326,522
323,521
325,519
321,522
318,524
321,522
321,523
321,524
319,525
317,528
315,533
313,535
313,540
314,539
313,541
310,545
309,543
309,544
307,547
305,545
301,550
298,554
296,555
295,557
295,558
293,560
290,562
289,564
287,569
282,573
280,575
279,576
277,579
275,583
274,583
274,583
273,587
273,587
271,589
269,592
266,594
263,599
259,603
258,604
257,605
255,607
255,607
253,609
251,612
250,612
247,615
245,616
245,619
245,619
245,619
242,624
239,628
241,624
240,625
237,629
237,630
235,632
237,630
237,632
236,635
237,635
235,638
234,642
234,643
233,647
234,648
236,647
236,645
235,647
235,646
233,650
234,651
233,652
230,654
230,654
227,657
226,661
224,664
224,666
225,667
223,670
222,670
221,673
220,676
217,680
215,684
213,686
213,686
215,686
212,689
209,692
209,693
207,696
209,693
207,695
206,696
206,697
205,700
203,705
200,709
201,708
201,710
199,712
200,710
199,710
198,712
197,713
195,715
191,718
192,718
194,718
196,718
195,721
194,723
193,726
193,727
192,728
190,730
187,733
185,734
185,734
184,737
184,738
185,738
182,743
182,744
183,742
181,745
181,746
179,748
179,747
177,749
177,749
175,751
177,750
175,754
171,757
167,761
166,762
167,762
167,764
166,765
166,767
166,768
169,766
167,768
166,770
165,773
164,774
161,776
161,778
161,778
159,780
158,782
155,784
156,785
156,785
157,785
158,783
158,783
158,783
156,785
154,788
152,791
151,792
150,793
149,796
147,798
147,798
146,800
145,802
144,803
143,804
141,806
139,808
141,807
141,807
142,806
139,809
136,812
136,813
137,812
136,812
132,817
132,817
130,820
130,822
130,822
128,824
127,825
127,825
126,826
124,828
124,828
124,829
124,828
123,830
122,831
120,833
120,834
119,835
119,835
116,838
115,839
115,840
115,841
115,842
112,846
112,847
111,849
111,849
111,849
112,849
107,855
109,853
107,855
106,856
106,857
105,858
104,859
103,860
103,860
104,858
103,859
105,857
105,857
104,858
101,861
101,861
99,863
97,865
97,866
96,868
96,869
94,871
93,872
93,872
92,873
91,874
91,874
91,874
91,874
91,874
90,875
91,875
90,877
89,878
88,879
87,880
87,880
86,881
85,882
84,883
84,883
84,883
85,884
85,885
85,886
85,886
85,886
84,887
84,887
83,888
80,891
80,891
81,890
80,891
78,893
77,894
77,894
76,895
75,896
75,896
74,897
75,897
76,896
77,895
78,894
78,894
77,895
76,896
76,896
74,898
74,898
75,897
75,898
74,899
75,897
75,897
73,899
72,900
71,902
73,900
72,901
71,903
71,904
71,904
70,905
70,905
69,906
66,909
66,909
66,909
66,909
65,910
63,913
62,914
62,916
63,915
63,914
61,916
62,915
60,917
60,919
59,920
58,922
57,923
56,924
55,925
54,926
54,926
54,927
54,928
53,929
53,929
53,930
53,931
51,933
51,934
51,934
51,935
52,934
51,935
49,937
49,937
50,936
51,935
51,935
51,935
51,935
51,936
53,934
54,933
54,933
53,934
52,936
51,937
51,937
51,937
50,938
50,939
49,940
48,941
48,941
48,941
48,941
49,940
49,940
49,940
49,941
49,941
49,941
49,941
49,941
49,941
49,941
49,941
49,941
49,941
49,941
49,941
48,942
48,942
48,942
48,942
48,942
48,943
48,943
48,944
47,945
46,946
46,946
46,946
46,946
46,947
45,948
45,948
43,950
41,952
41,952
41,952
41,952
41,952
41,952
42,951
42,951
42,951
42,951
42,951
40,953
39,954
39,954
39,954
39,954
37,956
36,957
36,957
35,958
35,958
35,959
35,959
35,959
35,959
36,958
36,958
36,958
35,959
34,960
34,960
34,960
34,960
35,959
35,959
35,959
34,960
34,960
33,962
33,962
33,962
33,962
33,962
33,962
33,963
33,963
33,963
33,963
33,963
32,964
32,964
32,964
31,965
31,965
31,965
31,965
31,965
31,965
31,965
31,965
31,965
30,966
30,966
30,966
29,967
26,970
26,970
26,970
26,970
26,970
26,970
25,971
25,971
25,971
25,971
25,971
24,972
23,973
22,974
22,974
22,974
22,974
22,974
22,974
22,974
22,974
22,974
22,974
22,974
22,974
22,974
21,975
21,975
21,975
21,975
21,975
21,975
21,975
21,975
20,976
20,976
20,976
20,976
20,976
20,976
20,976
20,976
20,976
20,976
20,976
21,975
21,975
21,975
21,975
20,976
20,976
21,975
21,975
22,974
22,974
22,974
21,975
22,974
22,974
22,974
22,974
22,974
22,974
22,974
22,974
22,974
23,973
22,974
23,973
22,974
23,973
23,974
22,975
22,975
22,975
22,975
22,975
22,975
21,976
20,977
20,977
20,977
19,978
19,978
19,978
19,978
19,978
19,978
19,978
19,978
20,977
20,977
20,977
20,977
20,977
20,977
19,978
19,978
19,978
19,978
19,978
19,978
19,978
19,978
19,978
19,978
18,979
18,979
18,979
18,979
18,979
