700,250
696,254
696,255
693,258
694,257
689,260
688,260
685,261
679,266
679,266
676,268
669,273
668,273
669,272
671,269
670,271
669,272
667,274
664,276
657,281
657,281
655,282
652,282
652,282
649,286
650,285
647,287
644,288
641,289
633,295
630,298
628,299
628,300
624,303
625,304
624,305
619,309
619,308
616,309
614,312
613,312
610,314
608,316
603,320
600,323
596,327
597,327
594,332
590,336
587,340
583,344
579,349
579,350
576,352
576,353
576,352
571,357
571,359
565,363
560,366
560,364
557,365
552,369
547,373
546,374
546,374
545,374
543,377
539,379
538,380
538,381
537,382
539,380
535,383
533,385
532,382
531,385
529,386
525,389
521,394
520,395
521,397
521,397
518,400
517,400
514,402
510,406
509,405
510,405
510,407
511,406
506,411
503,412
502,414
499,415
500,415
501,414
505,412
506,410
507,410
503,414
499,419
496,423
491,428
489,430
488,430
485,432
484,433
481,437
477,439
476,440
476,440
474,441
472,442
470,445
472,442
474,440
476,437
476,440
476,442
476,442
473,446
473,447
476,444
473,447
471,450
467,454
465,458
463,461
462,461
459,465
455,470
453,474
451,477
450,479
449,481
451,479
449,480
446,482
446,482
444,483
442,485
444,483
446,482
446,482
440,487
439,488
439,489
438,490
436,491
433,495
430,498
430,498
428,501
426,501
426,501
420,507
419,506
416,508
412,512
411,513
408,516
405,519
400,524
396,525
390,529
390,529
393,526
390,530
388,534
387,534
387,535
385,538
387,536
383,541
379,546
379,547
378,547
377,549
374,551
373,551
372,550
370,552
367,554
366,555
364,557
366,557
365,558
361,563
356,567
356,567
355,569
353,572
355,571
352,573
351,575
348,578
349,577
349,579
350,579
350,577
352,575
349,578
352,574
351,577
351,578
347,582
343,585
342,586
338,589
337,590
334,593
333,594
337,590
334,594
333,596
331,598
330,598
328,600
327,603
328,602
328,601
325,606
327,605
329,605
325,609
324,610
324,609
323,610
322,611
320,612
316,617
315,619
312,622
308,626
306,627
306,627
305,627
305,628
305,628
308,625
304,630
306,628
306,628
306,629
306,629
303,633
300,636
298,638
298,639
295,641
294,642
296,640
296,639
294,642
294,642
293,643
289,646
289,646
288,648
290,646
291,645
292,644
294,642
293,642
294,642
289,648
289,650
287,651
289,650
287,652
286,653
283,657
282,660
285,658
283,661
281,664
279,665
277,667
276,668
277,667
278,667
277,668
274,671
272,673
275,671
274,672
272,675
271,677
268,681
268,681
267,679
266,681
265,682
264,683
264,684
261,688
260,689
260,691
258,693
260,693
260,693
263,689
263,689
262,690
260,692
258,695
258,695
258,695
255,698
253,700
253,700
250,703
250,703
249,704
249,703
249,703
245,708
242,711
240,713
240,714
241,712
242,711
240,713
238,715
238,715
235,718
231,723
230,725
228,728
227,730
227,730
226,731
225,732
227,730
229,731
227,732
228,732
228,731
228,732
225,735
223,737
219,741
219,742
218,743
217,744
213,747
212,749
209,752
208,753
204,758
203,759
203,759
202,760
201,761
199,763
200,764
199,765
197,767
196,770
195,772
195,772
194,773
192,775
193,774
192,774
190,777
189,779
188,781
185,784
185,784
185,785
184,787
183,789
183,790
181,793
178,796
177,797
178,796
177,800
177,800
177,801
176,802
175,802
176,801
174,802
172,804
168,808
166,810
165,811
163,814
163,814
163,814
162,816
162,818
160,820
161,820
159,822
160,821
157,824
155,826
155,827
154,828
152,830
150,832
147,835
147,835
148,834
147,835
146,836
144,838
144,838
145,838
144,839
144,839
145,839
144,840
143,841
143,841
141,843
140,844
140,844
141,844
139,846
138,847
138,847
136,848
135,849
135,849
132,852
132,853
133,852
132,853
130,855
130,855
130,855
128,858
126,861
123,864
123,864
123,864
123,864
121,866
121,866
120,867
118,869
118,869
118,869
119,868
116,871
115,873
114,874
114,874
112,876
112,876
111,877
109,879
108,880
107,881
105,883
101,887
101,887
101,887
99,889
98,890
98,890
97,892
96,894
99,891
98,892
98,892
94,896
92,898
92,898
91,899
90,900
91,899
88,902
87,903
86,904
84,906
86,904
85,905
84,906
86,904
85,905
82,908
83,907
83,907
83,907
83,907
82,908
83,908
82,909
83,908
82,909
80,911
80,912
81,911
83,909
82,910
82,910
80,912
80,912
81,911
82,910
82,910
83,909
84,908
83,909
83,909
79,913
79,913
79,914
78,915
78,915
77,916
75,918
75,918
74,919
73,920
73,920
73,920
74,919
74,920
72,922
72,922
72,922
71,923
71,923
72,922
71,923
71,923
71,923
71,923
73,921
71,923
71,923
70,924
70,924
69,925
69,925
69,925
66,928
63,931
63,931
64,930
64,930
63,931
62,932
62,932
62,932
62,932
62,932
61,933
60,934
59,935
58,936
58,936
59,935
60,934
59,935
59,935
57,937
57,937
56,938
55,939
54,940
54,940
53,941
54,940
53,941
54,940
54,940
52,942
51,943
52,942
51,943
52,942
53,941
53,941
53,941
54,940
53,941
52,942
51,942
50,943
50,943
50,943
48,945
47,946
48,945
48,945
48,945
46,947
46,947
46,947
46,947
45,948
44,949
45,948
45,948
45,948
45,948
45,948
42,951
42,951
42,951
42,951
42,951
41,952
41,952
42,953
42,953
42,953
42,954
41,955
41,955
41,955
40,956
40,956
40,956
40,956
40,956
40,956
39,957
38,958
37,959
37,959
37,959
38,958
37,959
38,958
38,958
38,958
37,959
37,959
36,960
36,961
36,961
35,962
34,963
34,963
34,963
34,963
33,964
32,965
32,965
32,965
31,966
30,967
31,967
31,967
31,967
31,967
31,967
31,967
29,969
29,969
28,970
28,970
27,971
27,971
26,972
26,972
26,972
26,972
26,972
26,972
26,972
25,973
25,973
25,973
25,973
25,973
25,973
24,974
24,974
23,975
22,976
22,976
22,976
22,976
22,976
22,976
22,976
22,976
22,976
21,977
21,977
21,977
21,977
21,977
21,977
19,979
19,979
19,979
19,979
18,980
18,980
18,980
18,980
18,980
18,980
17,981
17,981
17,981
18,980
18,980
18,980
19,979
19,979
19,979
19,979
20,978
19,979
19,979
19,979
19,979
19,979
19,979
19,979
19,979
19,979
19,979
19,979
19,979
19,979
19,979
20,978
20,978
20,978
19,979
19,979
20,978
20,978
20,978
20,978
19,979
19,979
19,979
18,980
18,980
18,980
18,980
18,981
18,981
17,982
14,985
14,985
13,986
13,986
13,986
12,987
12,987
12,987
12,987
12,987
12,987
11,988
11,988
11,988
11,988
11,988
11,988
11,988
11,988
11,988
11,988
10,989
9,990
9,990
9,990
9,990
9,990
9,990
9,990
9,990
9,990
9,990
9,990
9,990
9,990
9,990
7,992
7,992
7,992
7,992
7,992
7,992
7,992
7,992
7,992
7,992
7,992
7,992
6,993
6,993
5,994
5,995
5,995
