700,50
699,51
696,52
692,53
693,52
690,53
691,52
688,51
685,51
679,53
674,53
673,53
673,49
674,48
669,48
666,49
665,49
663,49
663,49
659,49
657,48
654,48
650,48
644,49
643,49
640,49
638,49
635,49
635,49
633,50
630,50
630,50
629,49
628,49
626,51
621,51
623,52
619,51
612,51
611,50
606,49
602,49
601,49
600,49
598,49
595,49
591,48
588,49
585,49
584,49
581,49
580,49
579,49
583,48
580,49
578,49
575,49
572,51
572,51
570,51
569,51
565,51
559,52
557,52
556,52
556,52
553,51
553,51
551,53
547,54
546,53
545,52
542,51
544,50
544,50
546,51
547,51
544,51
542,51
541,51
542,52
538,52
535,53
532,56
530,57
526,54
522,55
521,57
518,56
518,56
519,56
517,56
512,56
512,58
512,60
509,59
508,60
503,60
504,61
498,61
499,60
499,59
496,58
494,58
491,58
490,57
488,58
485,58
484,60
482,58
478,57
475,57
472,58
475,59
470,59
465,59
467,60
464,60
462,58
463,57
463,57
459,57
456,57
452,57
446,58
445,59
446,61
444,61
442,61
439,61
439,60
440,61
440,62
438,64
439,64
437,64
435,65
433,66
432,66
432,66
431,66
428,66
429,65
433,64
432,65
434,63
433,62
431,61
429,62
426,62
424,62
419,63
418,63
417,63
415,64
414,64
412,64
412,63
409,62
409,63
410,64
408,63
407,62
407,61
402,61
398,61
397,61
399,63
400,64
396,64
398,63
400,61
400,62
398,62
395,62
397,60
394,59
393,62
394,61
392,61
388,61
387,60
388,59
389,59
392,60
391,62
389,62
389,63
389,61
390,60
391,60
390,62
388,62
386,63
386,62
384,63
384,64
380,64
374,65
375,67
373,67
370,66
370,67
370,66
368,66
367,68
367,68
367,67
367,69
364,68
367,66
367,67
370,65
367,65
364,65
361,66
361,66
359,65
361,64
361,63
354,63
355,63
352,64
352,64
350,64
351,64
349,64
353,63
354,62
351,62
350,62
347,61
348,61
346,61
349,60
349,60
351,59
350,58
349,57
348,57
345,58
344,57
342,56
338,57
335,55
332,56
331,57
334,56
333,56
331,54
332,53
328,52
328,51
331,51
328,50
325,52
323,52
320,51
319,51
317,52
318,50
321,49
318,50
317,51
315,55
313,55
311,57
311,57
310,57
304,58
308,56
308,55
308,56
307,57
303,57
299,57
299,56
296,56
298,57
297,56
296,57
295,58
293,58
294,58
289,59
289,61
290,60
292,60
293,61
291,61
291,60
291,60
294,58
291,56
292,58
290,57
290,57
289,56
290,56
290,55
289,54
287,55
287,54
288,54
288,55
287,55
285,57
286,57
285,57
285,57
283,56
282,58
285,58
285,58
284,58
281,58
278,60
279,57
279,56
277,56
276,57
274,58
274,57
275,59
274,60
274,61
273,62
274,61
274,61
277,60
274,60
275,60
273,60
273,60
275,58
275,58
271,58
271,56
274,57
277,57
280,57
279,55
279,55
273,55
275,55
275,54
271,54
270,53
272,54
275,54
273,54
270,55
268,56
268,55
270,54
268,53
269,53
269,53
273,52
272,53
273,54
272,53
272,52
272,53
273,50
270,49
271,48
271,48
273,47
272,47
271,46
271,46
271,46
271,46
270,46
268,46
270,47
271,46
275,46
273,46
272,45
272,45
271,45
269,44
270,41
269,40
267,40
266,40
267,39
266,39
268,39
268,39
266,38
262,37
263,36
264,36
266,37
269,37
273,37
272,36
270,37
270,37
271,37
273,35
273,33
273,34
270,34
272,33
270,33
268,33
266,33
263,33
264,33
267,33
266,33
266,33
264,33
263,33
263,32
265,32
265,32
267,32
266,32
269,32
268,32
271,32
267,31
267,31
266,31
265,31
263,31
264,31
266,31
265,31
268,31
268,31
269,31
267,32
267,32
268,32
269,31
273,30
272,31
270,32
270,33
269,33
268,33
268,32
268,32
268,32
271,31
273,30
275,29
270,29
271,29
271,29
268,29
265,29
266,28
268,28
269,28
266,28
263,28
263,28
260,28
259,28
261,28
261,28
262,28
261,28
260,28
257,28
253,28
257,28
253,28
253,28
250,28
250,28
251,28
250,28
253,28
257,28
258,28
258,29
259,29
257,29
259,29
257,28
255,27
255,27
254,27
252,27
249,27
248,27
249,26
247,27
243,27
243,26
244,26
244,25
242,25
242,25
246,25
246,25
249,25
251,25
249,25
249,25
252,24
253,24
254,24
256,24
258,24
260,24
262,24
262,24
263,25
264,25
266,26
265,26
261,27
263,27
260,27
260,27
261,26
261,25
258,25
258,25
256,25
256,25
256,25
255,25
257,25
259,25
260,24
261,24
259,24
261,24
261,24
265,23
265,22
267,20
267,20
267,18
269,18
267,18
268,18
269,18
268,17
268,17
271,17
270,17
268,17
267,17
264,17
268,17
270,16
269,16
264,16
261,17
259,18
260,19
258,18
256,18
258,18
259,18
257,19
254,18
253,18
252,18
253,17
255,18
255,18
258,18
258,18
257,17
255,17
254,16
255,17
253,16
253,16
254,16
254,17
250,17
250,17
251,16
252,16
253,14
249,14
248,14
246,14
251,14
255,14
255,14
253,13
252,13
250,13
249,13
245,13
243,12
240,12
239,12
238,12
237,12
235,12
237,12
236,12
237,12
238,12
236,12
236,12
234,11
234,11
235,11
236,11
236,10
238,10
239,10
242,10
242,10
241,10
241,10
244,10
245,10
244,10
242,10
241,10
239,10
239,12
238,12
238,12
236,12
238,12
239,12
242,12
240,11
241,11
239,10
240,10
237,10
235,10
236,10
239,10
239,10
239,10
237,10
235,10
236,10
236,9
238,9
240,9
241,9
242,9
244,9
244,9
242,9
244,9
245,9
247,8
248,8
248,8
249,8
247,8
250,8
249,8
248,8
245,8
244,8
243,8
245,8
249,8
251,8
249,8
248,8
251,8
247,8
245,8
247,8
247,8
249,8
250,7
251,7
251,7
251,7
251,7
250,7
245,7
245,7
241,7
242,7
245,7
245,7
245,7
245,7
247,8
247,8
250,8
252,8
250,8
250,8
248,8
246,8
245,9
247,9
249,8
251,8
251,8
251,8
251,8
245,8
244,8
247,8
246,8
247,8
249,8
252,7
249,7
247,7
245,7
242,7
242,7
242,7
242,7
243,7
240,7
241,6
243,8
241,8
242,9
241,10
241,10
240,10
238,10
240,10
240,10
242,10
239,10
238,10
238,10
239,10
240,10
242,10
243,10
240,10
241,10
241,10
241,9
239,9
237,9
235,9
236,9
236,9
237,9
240,9
242,9
239,9
239,9
241,10
241,9
239,9
240,9
241,9
240,9
237,9
233,9
232,9
231,9
228,9
229,9
230,9
229,7
229,7
232,7
233,7
231,7
232,7
232,7
234,7
234,7
234,6
234,6
233,7
233,7
231,7
233,7
234,7
232,7
234,7
234,7
236,6
236,6
238,6
238,6
238,6
238,6
237,6
239,6
239,7
240,7
237,7
236,7
