REPORT
<<<<<<< HEAD
Cycle: 0, no: 3
=======
Cycle: 0
  479.0 479.0    219.4 198.7    177.5 292.0    192.8 771.1*   262.4 212.3    183.3 733.4  
  198.7 219.4    198.7 198.7    198.7 496.7   *198.7 794.7*   198.7 791.7    198.7 791.7  
  292.0 177.5    496.7 198.7   *496.7 496.7*       0 0        496.7 496.7*       5 5      
 *771.1 192.8   *794.7 198.7*       0 0            0 0       *786.7 196.7        0 0      
  212.3 262.4    791.7 198.7   *496.7 496.7    196.7 786.7*   496.7 496.7    199.7 783.8  
  733.4 183.3    791.7 198.7        5 5            0 0        783.8 199.7   *491.8 491.8* 
Cycle: 1
  479.0 479.0    219.4 198.7    177.5 292.0    192.8 771.1*   262.4 212.3    183.3 733.4  
  198.7 219.4    198.7 198.7    198.7 496.7   *198.7 794.7*   198.7 791.7    198.7 791.7  
  292.0 177.5    496.7 198.7   *496.7 496.7*       0 0        496.7 496.7*       5 5      
 *771.1 192.8   *794.7 198.7*       0 0            0 0       *786.7 196.7        0 0      
  212.3 262.4    791.7 198.7   *496.7 496.7    196.7 786.7*   496.7 496.7    199.7 783.8  
  733.4 183.3    791.7 198.7        5 5            0 0        783.8 199.7   *491.8 491.8* 
Cycle: 2
  479.0 479.0    219.4 198.7    262.6 434.4    192.8 771.1*   202.6 738.3    183.3 733.4  
  198.7 219.4    198.7 198.7    198.7 496.7   *198.7 794.7*   198.7 791.7    198.7 791.7  
  434.4 262.6    496.7 198.7   *496.7 496.7*       0 0        496.7 496.7*       5 5      
 *771.1 192.8   *794.7 198.7*       0 0            0 0       *786.7 196.7        0 0      
  738.3 202.6    791.7 198.7   *496.7 496.7    196.7 786.7*   496.7 496.7    199.7 783.8  
  733.4 183.3    791.7 198.7        5 5            0 0        783.8 199.7   *491.8 491.8* 
Cycle: 3
  479.0 479.0    219.4 198.7    291.0 481.9    129.8 519.3*   327.4 276.8    118.8 462.8  
  198.7 219.4    198.7 198.7    198.7 496.7   *198.7 794.7*   198.7 791.7    198.7 791.7  
  481.9 291.0    496.7 198.7   *496.7 496.7*       0 0        496.7 496.7*       5 5      
 *519.3 129.8   *794.7 198.7*       0 0            0 0       *786.7 196.7        0 0      
  276.8 327.4    791.7 198.7   *496.7 496.7    196.7 786.7*   496.7 496.7    199.7 783.8  
  462.8 118.8    791.7 198.7        5 5            0 0        783.8 199.7   *491.8 491.8* 
Cycle: 4
  479.0 479.0    219.4 198.7    291.0 481.9    129.8 519.3*   245.4 317.9    124.1 496.4  
  198.7 219.4    198.7 198.7    198.7 496.7   *198.7 794.7*   198.7 791.7    198.7 791.7  
  481.9 291.0    496.7 198.7   *496.7 496.7*       0 0        496.7 496.7*       5 5      
 *519.3 129.8   *794.7 198.7*       0 0            0 0       *786.7 196.7        0 0      
  317.9 245.4    791.7 198.7   *496.7 496.7    196.7 786.7*   496.7 496.7    199.7 783.8  
  496.4 124.1    791.7 198.7        5 5            0 0        783.8 199.7   *491.8 491.8* 
Cycle: 5
  479.0 479.0    219.4 198.7    291.0 481.9    129.8 519.3*   245.4 317.9    124.1 496.4  
  198.7 219.4    198.7 198.7    198.7 496.7   *198.7 794.7*   198.7 791.7    198.7 791.7  
  481.9 291.0    496.7 198.7   *496.7 496.7*       0 0        496.7 496.7*       5 5      
 *519.3 129.8   *794.7 198.7*       0 0            0 0       *786.7 196.7        0 0      
  317.9 245.4    791.7 198.7   *496.7 496.7    196.7 786.7*   496.7 496.7    199.7 783.8  
  496.4 124.1    791.7 198.7        5 5            0 0        783.8 199.7   *491.8 491.8* 
Cycle: 6
  479.0 479.0    219.4 198.7    291.0 481.9    129.8 519.3*   245.4 317.9    124.1 496.4  
  198.7 219.4    198.7 198.7    198.7 496.7   *198.7 794.7*   198.7 791.7    198.7 791.7  
  481.9 291.0    496.7 198.7   *496.7 496.7*       0 0        496.7 496.7*       5 5      
 *519.3 129.8   *794.7 198.7*       0 0            0 0       *786.7 196.7        0 0      
  317.9 245.4    791.7 198.7   *496.7 496.7    196.7 786.7*   496.7 496.7    199.7 783.8  
  496.4 124.1    791.7 198.7        5 5            0 0        783.8 199.7   *491.8 491.8* 
Cycle: 7
  479.0 479.0    219.4 198.7    291.0 481.9    129.8 519.3*   429.4 447.9    124.1 496.4  
  198.7 219.4    198.7 198.7    198.7 496.7   *198.7 794.7*   198.7 791.7    198.7 791.7  
  481.9 291.0    496.7 198.7   *496.7 496.7*       0 0        496.7 496.7*       5 5      
 *519.3 129.8   *794.7 198.7*       0 0            0 0       *786.7 196.7        0 0      
  447.9 429.4    791.7 198.7   *496.7 496.7    196.7 786.7*   496.7 496.7    199.7 783.8  
  496.4 124.1    791.7 198.7        5 5            0 0        783.8 199.7   *491.8 491.8* 
Cycle: 8
  479.0 479.0    219.4 198.7    291.0 481.9*   66.2 264.9     144.0 327.0    64.3 257.0   
  198.7 219.4    198.7 198.7    198.7 496.7   *198.7 794.7*   198.7 791.7    198.7 791.7  
 *481.9 291.0    496.7 198.7   *496.7 496.7*       0 0        496.7 496.7*       5 5      
  264.9 66.2    *794.7 198.7*       0 0            0 0       *786.7 196.7        0 0      
  327.0 144.0    791.7 198.7   *496.7 496.7    196.7 786.7*   496.7 496.7    199.7 783.8  
  257.0 64.3     791.7 198.7        5 5            0 0        783.8 199.7   *491.8 491.8* 
Cycle: 9
  479.0 479.0    219.4 198.7    291.0 481.9*   66.2 264.9     144.0 327.0    64.3 257.0   
  198.7 219.4    198.7 198.7    198.7 496.7   *198.7 794.7*   198.7 791.7    198.7 791.7  
 *481.9 291.0    496.7 198.7   *496.7 496.7*       0 0        496.7 496.7*       5 5      
  264.9 66.2    *794.7 198.7*       0 0            0 0       *786.7 196.7        0 0      
  327.0 144.0    791.7 198.7   *496.7 496.7    196.7 786.7*   496.7 496.7    199.7 783.8  
  257.0 64.3     791.7 198.7        5 5            0 0        783.8 199.7   *491.8 491.8* 
Cycle: 10
  479.0 479.0    225.2 198.7    291.0 481.9*   66.2 264.9     144.0 327.0    62.4 249.5   
  198.7 225.2    198.7 198.7    198.7 496.7   *198.7 794.7*   198.7 791.7    198.7 791.7  
 *481.9 291.0    496.7 198.7   *496.7 496.7*       0 0        496.7 496.7*       5 5      
  264.9 66.2    *794.7 198.7*       0 0            0 0       *786.7 196.7        0 0      
  327.0 144.0    791.7 198.7   *496.7 496.7    196.7 786.7*   496.7 496.7    199.7 783.8  
  249.5 62.4     791.7 198.7        5 5            0 0        783.8 199.7   *491.8 491.8* 
Cycle: 11
  479.0 479.0    225.2 198.7    291.0 481.9*   66.2 264.9     144.0 327.0    62.4 249.5   
  198.7 225.2    198.7 198.7    198.7 496.7   *198.7 794.7*   198.7 791.7    198.7 791.7  
 *481.9 291.0    496.7 198.7   *496.7 496.7*       0 0        496.7 496.7*       5 5      
  264.9 66.2    *794.7 198.7*       0 0            0 0       *786.7 196.7        0 0      
  327.0 144.0    791.7 198.7   *496.7 496.7    196.7 786.7*   496.7 496.7    199.7 783.8  
  249.5 62.4     791.7 198.7        5 5            0 0        783.8 199.7   *491.8 491.8* 
Cycle: 12
  479.0 479.0    225.2 198.7    291.0 481.9*   66.2 264.9     144.0 327.0    62.4 249.5   
  198.7 225.2    198.7 198.7    198.7 496.7   *198.7 794.7*   198.7 791.7    198.7 791.7  
 *481.9 291.0    496.7 198.7   *496.7 496.7*       0 0        496.7 496.7*       5 5      
  264.9 66.2    *794.7 198.7*       0 0            0 0       *786.7 196.7        0 0      
  327.0 144.0    791.7 198.7   *496.7 496.7    196.7 786.7*   496.7 496.7    199.7 783.8  
  249.5 62.4     791.7 198.7        5 5            0 0        783.8 199.7   *491.8 491.8* 
Cycle: 13
  399.4 399.4    494.7 198.7    303.0 496.7*   63.6 254.4     193.3 315.5    69.9 264.6   
  198.7 494.7    198.7 198.7    198.7 496.7   *198.7 794.7*   198.7 791.7    198.7 791.7  
 *496.7 303.0    496.7 198.7   *496.7 496.7*       0 0        496.7 496.7*       5 5      
  254.4 63.6    *794.7 198.7*       0 0            0 0       *786.7 196.7        0 0      
  315.5 193.3    791.7 198.7   *496.7 496.7    196.7 786.7*   496.7 496.7    199.7 783.8  
  264.6 69.9     791.7 198.7        5 5            0 0        783.8 199.7   *491.8 491.8* 
Cycle: 14
  399.4 399.4    494.7 198.7    303.0 496.7*   63.7 254.7     215.6 311.0    68.0 257.1   
  198.7 494.7    198.7 198.7    198.7 496.7   *198.7 794.7*   198.7 791.7    198.7 791.7  
 *496.7 303.0    496.7 198.7   *496.7 496.7*       0 0        496.7 496.7*       5 5      
  254.7 63.7    *794.7 198.7*       0 0            0 0       *786.7 196.7        0 0      
  311.0 215.6    791.7 198.7   *496.7 496.7    196.7 786.7*   496.7 496.7    199.7 783.8  
  257.1 68.0     791.7 198.7        5 5            0 0        783.8 199.7   *491.8 491.8* 
Cycle: 15
  399.4 399.4    494.7 198.7    303.0 496.7*   63.7 254.7     158.5 336.9    68.0 257.1   
  198.7 494.7    198.7 198.7    198.7 496.7   *198.7 794.7*   198.7 791.7    198.7 791.7  
 *496.7 303.0    496.7 198.7   *496.7 496.7*       0 0        496.7 496.7*       5 5      
  254.7 63.7    *794.7 198.7*       0 0            0 0       *786.7 196.7        0 0      
  336.9 158.5    791.7 198.7   *496.7 496.7    196.7 786.7*   496.7 496.7    199.7 783.8  
  257.1 68.0     791.7 198.7        5 5            0 0        783.8 199.7   *491.8 491.8* 
Cycle: 16
  399.4 399.4    493.8 198.7    303.0 496.7*   63.7 254.7     158.5 336.9    68.0 257.1   
  198.7 493.8    198.7 198.7    198.7 496.7   *198.7 794.7*   198.7 791.7    198.7 791.7  
 *496.7 303.0    496.7 198.7   *496.7 496.7*       0 0        496.7 496.7*       5 5      
  254.7 63.7    *794.7 198.7*       0 0            0 0       *786.7 196.7        0 0      
  336.9 158.5    791.7 198.7   *496.7 496.7    196.7 786.7*   496.7 496.7    199.7 783.8  
  257.1 68.0     791.7 198.7        5 5            0 0        783.8 199.7   *491.8 491.8* 
Cycle: 17
 *487.8 487.8*   487.8 198.7    119.2 283.3    65.0 260.1     288.2 206.7    64.4 254.7   
  198.7 487.8    198.7 198.7    198.7 496.7   *198.7 794.7*   198.7 791.7    198.7 791.7  
  283.3 119.2    496.7 198.7   *496.7 496.7*       0 0        496.7 496.7*       5 5      
  260.1 65.0    *794.7 198.7*       0 0            0 0       *786.7 196.7        0 0      
  206.7 288.2    791.7 198.7   *496.7 496.7    196.7 786.7*   496.7 496.7    199.7 783.8  
  254.7 64.4     791.7 198.7        5 5            0 0        783.8 199.7   *491.8 491.8* 
Cycle: 18
 *487.8 487.8*   439.4 198.7    119.2 283.3    65.0 260.1     288.2 206.7    64.4 254.7   
  198.7 439.4    198.7 198.7    198.7 496.7   *198.7 794.7*   198.7 791.7    198.7 791.7  
  283.3 119.2    496.7 198.7   *496.7 496.7*       0 0        496.7 496.7*       5 5      
  260.1 65.0    *794.7 198.7*       0 0            0 0       *786.7 196.7        0 0      
  206.7 288.2    791.7 198.7   *496.7 496.7    196.7 786.7*   496.7 496.7    199.7 783.8  
  254.7 64.4     791.7 198.7        5 5            0 0        783.8 199.7   *491.8 491.8* 
Cycle: 19
 *487.8 487.8*   439.4 198.7    119.2 283.3    65.0 260.1     288.2 206.7    64.4 254.7   
  198.7 439.4    198.7 198.7    198.7 496.7   *198.7 794.7*   198.7 791.7    198.7 791.7  
  283.3 119.2    496.7 198.7   *496.7 496.7*       0 0        496.7 496.7*       5 5      
  260.1 65.0    *794.7 198.7*       0 0            0 0       *786.7 196.7        0 0      
  206.7 288.2    791.7 198.7   *496.7 496.7    196.7 786.7*   496.7 496.7    199.7 783.8  
  254.7 64.4     791.7 198.7        5 5            0 0        783.8 199.7   *491.8 491.8* 
Cycle: 20
 *487.8 487.8*   439.4 198.7    119.2 283.3    65.0 260.1     288.2 206.7    64.4 254.7   
  198.7 439.4    198.7 198.7    198.7 496.7   *198.7 794.7*   198.7 791.7    198.7 791.7  
  283.3 119.2    496.7 198.7   *496.7 496.7*       0 0        496.7 496.7*       5 5      
  260.1 65.0    *794.7 198.7*       0 0            0 0       *786.7 196.7        0 0      
  206.7 288.2    791.7 198.7   *496.7 496.7    196.7 786.7*   496.7 496.7    199.7 783.8  
  254.7 64.4     791.7 198.7        5 5            0 0        783.8 199.7   *491.8 491.8* 
Cycle: 21
 *487.8 487.8*   439.4 198.7    119.2 283.3    65.0 260.1     288.2 206.7    64.4 254.7   
  198.7 439.4    198.7 198.7    198.7 496.7   *198.7 794.7*   198.7 791.7    198.7 791.7  
  283.3 119.2    496.7 198.7   *496.7 496.7*       0 0        496.7 496.7*       5 5      
  260.1 65.0    *794.7 198.7*       0 0            0 0       *786.7 196.7        0 0      
  206.7 288.2    791.7 198.7   *496.7 496.7    196.7 786.7*   496.7 496.7    199.7 783.8  
  254.7 64.4     791.7 198.7        5 5            0 0        783.8 199.7   *491.8 491.8* 
Cycle: 22
 *487.8 487.8*   439.4 198.7    119.2 283.3    65.0 260.1     288.2 206.7    64.4 254.7   
  198.7 439.4    198.7 198.7    198.7 496.7   *198.7 794.7*   198.7 791.7    198.7 791.7  
  283.3 119.2    496.7 198.7   *496.7 496.7*       0 0        496.7 496.7*       5 5      
  260.1 65.0    *794.7 198.7*       0 0            0 0       *786.7 196.7        0 0      
  206.7 288.2    791.7 198.7   *496.7 496.7    196.7 786.7*   496.7 496.7    199.7 783.8  
  254.7 64.4     791.7 198.7        5 5            0 0        783.8 199.7   *491.8 491.8* 
Cycle: 23
 *487.8 487.8*   439.4 198.7    119.2 283.3    65.0 260.1     288.2 206.7    64.4 254.7   
  198.7 439.4    198.7 198.7    198.7 496.7   *198.7 794.7*   198.7 791.7    198.7 791.7  
  283.3 119.2    496.7 198.7   *496.7 496.7*       0 0        496.7 496.7*       5 5      
  260.1 65.0    *794.7 198.7*       0 0            0 0       *786.7 196.7        0 0      
  206.7 288.2    791.7 198.7   *496.7 496.7    196.7 786.7*   496.7 496.7    199.7 783.8  
  254.7 64.4     791.7 198.7        5 5            0 0        783.8 199.7   *491.8 491.8* 
Cycle: 24
 *481.8 481.8*   433.2 198.7    119.2 283.3    50.5 201.9     285.6 267.7    59.5 181.5   
  198.7 433.2    198.7 198.7    198.7 496.7   *198.7 794.7*   198.7 791.7    198.7 791.7  
  283.3 119.2    496.7 198.7   *496.7 496.7*       0 0        496.7 496.7*       5 5      
  201.9 50.5    *794.7 198.7*       0 0            0 0       *786.7 196.7        0 0      
  267.7 285.6    791.7 198.7   *496.7 496.7    196.7 786.7*   496.7 496.7    199.7 783.8  
  181.5 59.5     791.7 198.7        5 5            0 0        783.8 199.7   *491.8 491.8* 
Cycle: 25
 *487.8 487.8*   439.4 198.7    118.8 282.6    50.5 201.9     285.0 267.3    59.5 181.5   
  198.7 439.4    198.7 198.7    198.7 496.7   *198.7 794.7*   198.7 791.7    198.7 791.7  
  282.6 118.8    496.7 198.7   *496.7 496.7*       0 0        496.7 496.7*       5 5      
  201.9 50.5    *794.7 198.7*       0 0            0 0       *786.7 196.7        0 0      
  267.3 285.0    791.7 198.7   *496.7 496.7    196.7 786.7*   496.7 496.7    199.7 783.8  
  181.5 59.5     791.7 198.7        5 5            0 0        783.8 199.7   *491.8 491.8* 
Cycle: 26
 *487.8 487.8*   439.4 198.7    118.8 282.6     24.5 98.1     285.0 267.3    80.2 168.2   
  198.7 439.4    198.7 198.7    198.7 496.7   *198.7 794.7*   198.7 791.7    198.7 791.7  
  282.6 118.8    496.7 198.7   *496.7 496.7*       0 0        496.7 496.7*       5 5      
   98.1 24.5    *794.7 198.7*       0 0            0 0       *786.7 196.7        0 0      
  267.3 285.0    791.7 198.7   *496.7 496.7    196.7 786.7*   496.7 496.7    199.7 783.8  
  168.2 80.2     791.7 198.7        5 5            0 0        783.8 199.7   *491.8 491.8* 
Cycle: 27
 *487.8 487.8*   439.4 198.7    118.8 282.6     24.5 98.1     285.0 267.3    80.2 168.2   
  198.7 439.4    198.7 198.7    198.7 496.7   *198.7 794.7*   198.7 791.7    198.7 791.7  
  282.6 118.8    496.7 198.7   *496.7 496.7*       0 0        496.7 496.7*       5 5      
   98.1 24.5    *794.7 198.7*       0 0            0 0       *786.7 196.7        0 0      
  267.3 285.0    791.7 198.7   *496.7 496.7    196.7 786.7*   496.7 496.7    199.7 783.8  
  168.2 80.2     791.7 198.7        5 5            0 0        783.8 199.7   *491.8 491.8* 
Cycle: 28
 *487.8 487.8*   439.4 198.7    118.7 282.3     24.5 98.1     283.7 261.7    86.4 213.5   
  198.7 439.4    198.7 198.7    198.7 496.7   *198.7 794.7*   198.7 791.7    198.7 791.7  
  282.3 118.7    496.7 198.7   *496.7 496.7*       0 0        496.7 496.7*       5 5      
   98.1 24.5    *794.7 198.7*       0 0            0 0       *786.7 196.7        0 0      
  261.7 283.7    791.7 198.7   *496.7 496.7    196.7 786.7*   496.7 496.7    199.7 783.8  
  213.5 86.4     791.7 198.7        5 5            0 0        783.8 199.7   *491.8 491.8* 
Cycle: 29
 *484.2 484.2*   439.5 198.7    120.6 284.7     24.5 98.2     298.8 269.3    80.2 168.2   
  198.7 439.5    198.7 198.7    198.7 496.7   *198.7 794.7*   198.7 791.7    198.7 791.7  
  284.7 120.6    496.7 198.7   *496.7 496.7*       0 0        496.7 496.7*       5 5      
   98.2 24.5    *794.7 198.7*       0 0            0 0       *786.7 196.7        0 0      
  269.3 298.8    791.7 198.7   *496.7 496.7    196.7 786.7*   496.7 496.7    199.7 783.8  
  168.2 80.2     791.7 198.7        5 5            0 0        783.8 199.7   *491.8 491.8* 
Cycle: 30
 *487.8 487.8*   439.4 198.7    118.8 282.6     24.5 98.1     298.8 269.3    80.9 169.8   
  198.7 439.4    198.7 198.7    198.7 496.7   *198.7 794.7*   198.7 791.7    198.7 791.7  
  282.6 118.8    496.7 198.7   *496.7 496.7*       0 0        496.7 496.7*       5 5      
   98.1 24.5    *794.7 198.7*       0 0            0 0       *786.7 196.7        0 0      
  269.3 298.8    791.7 198.7   *496.7 496.7    196.7 786.7*   496.7 496.7    199.7 783.8  
  169.8 80.9     791.7 198.7        5 5            0 0        783.8 199.7   *491.8 491.8* 
Cycle: 31
 *487.8 487.8*   439.4 198.7    294.3 394.0     24.5 98.1     293.0 274.2    77.2 162.0   
  198.7 439.4    198.7 198.7    198.7 496.7   *198.7 794.7*   198.7 791.7    198.7 791.7  
  394.0 294.3    496.7 198.7   *496.7 496.7*       0 0        496.7 496.7*       5 5      
   98.1 24.5    *794.7 198.7*       0 0            0 0       *786.7 196.7        0 0      
  274.2 293.0    791.7 198.7   *496.7 496.7    196.7 786.7*   496.7 496.7    199.7 783.8  
  162.0 77.2     791.7 198.7        5 5            0 0        783.8 199.7   *491.8 491.8* 
Cycle: 32
 *487.8 487.8*   439.4 198.7    294.3 394.0     24.5 98.1     291.7 272.7    77.2 162.0   
  198.7 439.4    198.7 198.7    198.7 496.7   *198.7 794.7*   198.7 791.7    198.7 791.7  
  394.0 294.3    496.7 198.7   *496.7 496.7*       0 0        496.7 496.7*       5 5      
   98.1 24.5    *794.7 198.7*       0 0            0 0       *786.7 196.7        0 0      
  272.7 291.7    791.7 198.7   *496.7 496.7    196.7 786.7*   496.7 496.7    199.7 783.8  
  162.0 77.2     791.7 198.7        5 5            0 0        783.8 199.7   *491.8 491.8* 
Cycle: 33
 *487.8 487.8*   439.4 198.7    294.3 394.0     24.5 98.1     291.7 272.7    77.2 162.0   
  198.7 439.4    198.7 198.7    198.7 496.7   *198.7 794.7*   198.7 791.7    198.7 791.7  
  394.0 294.3    496.7 198.7   *496.7 496.7*       0 0        496.7 496.7*       5 5      
   98.1 24.5    *794.7 198.7*       0 0            0 0       *786.7 196.7        0 0      
  272.7 291.7    791.7 198.7   *496.7 496.7    196.7 786.7*   496.7 496.7    199.7 783.8  
  162.0 77.2     791.7 198.7        5 5            0 0        783.8 199.7   *491.8 491.8* 
Cycle: 34
 *487.8 487.8*   439.4 198.7    293.8 392.8     24.5 98.1     297.4 278.6    76.6 160.4   
  198.7 439.4    198.7 198.7    198.7 496.7   *198.7 794.7*   198.7 791.7    198.7 791.7  
  392.8 293.8    496.7 198.7   *496.7 496.7*       0 0        496.7 496.7*       5 5      
   98.1 24.5    *794.7 198.7*       0 0            0 0       *786.7 196.7        0 0      
  278.6 297.4    791.7 198.7   *496.7 496.7    196.7 786.7*   496.7 496.7    199.7 783.8  
  160.4 76.6     791.7 198.7        5 5            0 0        783.8 199.7   *491.8 491.8* 
Cycle: 35
 *483.6 483.6*   446.3 198.7    302.4 401.1     23.6 94.4     470.8 463.6    81.7 165.2   
  198.7 446.3    198.7 198.7    198.7 496.7   *198.7 794.7*   198.7 791.7    198.7 791.7  
  401.1 302.4    496.7 198.7   *496.7 496.7*       0 0        496.7 496.7*       5 5      
   94.4 23.6    *794.7 198.7*       0 0            0 0       *786.7 196.7        0 0      
  463.6 470.8    791.7 198.7   *496.7 496.7    196.7 786.7*   496.7 496.7    199.7 783.8  
  165.2 81.7     791.7 198.7        5 5            0 0        783.8 199.7   *491.8 491.8* 
Cycle: 36
 *483.6 483.6*   446.3 198.7    302.4 401.1     23.6 94.4     470.8 463.6    82.1 166.9   
  198.7 446.3    198.7 198.7    198.7 496.7   *198.7 794.7*   198.7 791.7    198.7 791.7  
  401.1 302.4    496.7 198.7   *496.7 496.7*       0 0        496.7 496.7*       5 5      
   94.4 23.6    *794.7 198.7*       0 0            0 0       *786.7 196.7        0 0      
  463.6 470.8    791.7 198.7   *496.7 496.7    196.7 786.7*   496.7 496.7    199.7 783.8  
  166.9 82.1     791.7 198.7        5 5            0 0        783.8 199.7   *491.8 491.8* 
Cycle: 37
 *483.6 483.6*   446.3 198.7    302.4 401.1     23.6 94.4     470.8 463.6    82.1 166.9   
  198.7 446.3    198.7 198.7    198.7 496.7   *198.7 794.7*   198.7 791.7    198.7 791.7  
  401.1 302.4    496.7 198.7   *496.7 496.7*       0 0        496.7 496.7*       5 5      
   94.4 23.6    *794.7 198.7*       0 0            0 0       *786.7 196.7        0 0      
  463.6 470.8    791.7 198.7   *496.7 496.7    196.7 786.7*   496.7 496.7    199.7 783.8  
  166.9 82.1     791.7 198.7        5 5            0 0        783.8 199.7   *491.8 491.8* 
Cycle: 38
 *483.6 483.6*   446.3 198.7    302.4 401.1     23.6 94.4     470.8 463.6    72.3 147.6   
  198.7 446.3    198.7 198.7    198.7 496.7   *198.7 794.7*   198.7 791.7    198.7 791.7  
  401.1 302.4    496.7 198.7   *496.7 496.7*       0 0        496.7 496.7*       5 5      
   94.4 23.6    *794.7 198.7*       0 0            0 0       *786.7 196.7        0 0      
  463.6 470.8    791.7 198.7   *496.7 496.7    196.7 786.7*   496.7 496.7    199.7 783.8  
  147.6 72.3     791.7 198.7        5 5            0 0        783.8 199.7   *491.8 491.8* 
Cycle: 39
 *483.6 483.6*   446.3 198.7    302.4 401.1     22.3 89.2     470.8 463.6    82.1 166.9   
  198.7 446.3    198.7 198.7    198.7 496.7   *198.7 794.7*   198.7 791.7    198.7 791.7  
  401.1 302.4    496.7 198.7   *496.7 496.7*       0 0        496.7 496.7*       5 5      
   89.2 22.3    *794.7 198.7*       0 0            0 0       *786.7 196.7        0 0      
  463.6 470.8    791.7 198.7   *496.7 496.7    196.7 786.7*   496.7 496.7    199.7 783.8  
  166.9 82.1     791.7 198.7        5 5            0 0        783.8 199.7   *491.8 491.8* 
Cycle: 40
 *483.6 483.6*   446.3 198.7    284.6 380.8     22.3 89.2     470.8 463.6    87.1 177.7   
  198.7 446.3    198.7 198.7    198.7 496.7   *198.7 794.7*   198.7 791.7    198.7 791.7  
  380.8 284.6    496.7 198.7   *496.7 496.7*       0 0        496.7 496.7*       5 5      
   89.2 22.3    *794.7 198.7*       0 0            0 0       *786.7 196.7        0 0      
  463.6 470.8    791.7 198.7   *496.7 496.7    196.7 786.7*   496.7 496.7    199.7 783.8  
  177.7 87.1     791.7 198.7        5 5            0 0        783.8 199.7   *491.8 491.8* 
Cycle: 41
 *483.6 483.6*   446.3 198.7    302.4 401.1     22.3 89.2     470.8 463.6    82.1 166.9   
  198.7 446.3    198.7 198.7    198.7 496.7   *198.7 794.7*   198.7 791.7    198.7 791.7  
  401.1 302.4    496.7 198.7   *496.7 496.7*       0 0        496.7 496.7*       5 5      
   89.2 22.3    *794.7 198.7*       0 0            0 0       *786.7 196.7        0 0      
  463.6 470.8    791.7 198.7   *496.7 496.7    196.7 786.7*   496.7 496.7    199.7 783.8  
  166.9 82.1     791.7 198.7        5 5            0 0        783.8 199.7   *491.8 491.8* 
Cycle: 42
 *483.6 483.6*   540.2 198.7    302.4 401.1     22.3 89.2     470.8 463.6    66.8 185.0   
  198.7 540.2    198.7 198.7    198.7 496.7   *198.7 794.7*   198.7 791.7    198.7 791.7  
  401.1 302.4    496.7 198.7   *496.7 496.7*       0 0        496.7 496.7*       5 5      
   89.2 22.3    *794.7 198.7*       0 0            0 0       *786.7 196.7        0 0      
  463.6 470.8    791.7 198.7   *496.7 496.7    196.7 786.7*   496.7 496.7    199.7 783.8  
  185.0 66.8     791.7 198.7        5 5            0 0        783.8 199.7   *491.8 491.8* 
Cycle: 43
 *483.6 483.6*   540.2 198.7    302.4 401.1     22.3 89.1     134.5 309.1    100.9 388.5  
  198.7 540.2    198.7 198.7    198.7 496.7   *198.7 794.7*   198.7 791.7    198.7 791.7  
  401.1 302.4    496.7 198.7   *496.7 496.7*       0 0        496.7 496.7*       5 5      
   89.1 22.3    *794.7 198.7*       0 0            0 0       *786.7 196.7        0 0      
  309.1 134.5    791.7 198.7   *496.7 496.7    196.7 786.7*   496.7 496.7    199.7 783.8  
  388.5 100.9    791.7 198.7        5 5            0 0        783.8 199.7   *491.8 491.8* 
Cycle: 44
 *483.6 483.6*   248.7 198.7    302.4 401.1     22.3 89.2     134.5 309.1    100.9 388.5  
  198.7 248.7    198.7 198.7    198.7 496.7   *198.7 794.7*   198.7 791.7    198.7 791.7  
  401.1 302.4    496.7 198.7   *496.7 496.7*       0 0        496.7 496.7*       5 5      
   89.2 22.3    *794.7 198.7*       0 0            0 0       *786.7 196.7        0 0      
  309.1 134.5    791.7 198.7   *496.7 496.7    196.7 786.7*   496.7 496.7    199.7 783.8  
  388.5 100.9    791.7 198.7        5 5            0 0        783.8 199.7   *491.8 491.8* 
Cycle: 45
 *483.6 483.6*   248.7 198.7    294.8 401.1     22.3 89.2     134.5 309.1    100.9 388.5  
  198.7 248.7    198.7 198.7    198.7 496.7   *198.7 794.7*   198.7 791.7    198.7 791.7  
  401.1 294.8    496.7 198.7   *496.7 496.7*       0 0        496.7 496.7*       5 5      
   89.2 22.3    *794.7 198.7*       0 0            0 0       *786.7 196.7        0 0      
  309.1 134.5    791.7 198.7   *496.7 496.7    196.7 786.7*   496.7 496.7    199.7 783.8  
  388.5 100.9    791.7 198.7        5 5            0 0        783.8 199.7   *491.8 491.8* 
Cycle: 46
 *483.6 483.6*   248.7 198.7    318.5 421.2     22.3 89.2     134.5 309.1    100.9 388.5  
  198.7 248.7    198.7 198.7    198.7 496.7   *198.7 794.7*   198.7 791.7    198.7 791.7  
  421.2 318.5    496.7 198.7   *496.7 496.7*       0 0        496.7 496.7*       5 5      
   89.2 22.3    *794.7 198.7*       0 0            0 0       *786.7 196.7        0 0      
  309.1 134.5    791.7 198.7   *496.7 496.7    196.7 786.7*   496.7 496.7    199.7 783.8  
  388.5 100.9    791.7 198.7        5 5            0 0        783.8 199.7   *491.8 491.8* 
Cycle: 47
 *483.6 483.6*   248.7 198.7    302.4 401.1     22.3 89.2     134.5 309.1    100.9 388.5  
  198.7 248.7    198.7 198.7    198.7 496.7   *198.7 794.7*   198.7 791.7    198.7 791.7  
  401.1 302.4    496.7 198.7   *496.7 496.7*       0 0        496.7 496.7*       5 5      
   89.2 22.3    *794.7 198.7*       0 0            0 0       *786.7 196.7        0 0      
  309.1 134.5    791.7 198.7   *496.7 496.7    196.7 786.7*   496.7 496.7    199.7 783.8  
  388.5 100.9    791.7 198.7        5 5            0 0        783.8 199.7   *491.8 491.8* 
Cycle: 48
 *483.6 483.6*   248.7 198.7    302.4 401.1     22.3 89.2     134.5 309.1    100.9 388.5  
  198.7 248.7    198.7 198.7    198.7 496.7   *198.7 794.7*   198.7 791.7    198.7 791.7  
  401.1 302.4    496.7 198.7   *496.7 496.7*       0 0        496.7 496.7*       5 5      
   89.2 22.3    *794.7 198.7*       0 0            0 0       *786.7 196.7        0 0      
  309.1 134.5    791.7 198.7   *496.7 496.7    196.7 786.7*   496.7 496.7    199.7 783.8  
  388.5 100.9    791.7 198.7        5 5            0 0        783.8 199.7   *491.8 491.8* 
Cycle: 49
 *483.6 483.6*   279.7 198.7    302.4 401.1    43.3 173.2     134.5 309.1    100.9 388.5  
  198.7 279.7    198.7 198.7    198.7 496.7   *198.7 794.7*   198.7 791.7    198.7 791.7  
  401.1 302.4    496.7 198.7   *496.7 496.7*       0 0        496.7 496.7*       5 5      
  173.2 43.3    *794.7 198.7*       0 0            0 0       *786.7 196.7        0 0      
  309.1 134.5    791.7 198.7   *496.7 496.7    196.7 786.7*   496.7 496.7    199.7 783.8  
  388.5 100.9    791.7 198.7        5 5            0 0        783.8 199.7   *491.8 491.8* 
Cycle: 50
 *483.6 483.6*   747.5 198.7    302.4 401.1    43.3 173.1     134.5 309.1    100.9 388.5  
  198.7 747.5    198.7 198.7    198.7 496.7   *198.7 794.7*   198.7 791.7    198.7 791.7  
  401.1 302.4    496.7 198.7   *496.7 496.7*       0 0        496.7 496.7*       5 5      
  173.1 43.3    *794.7 198.7*       0 0            0 0       *786.7 196.7        0 0      
  309.1 134.5    791.7 198.7   *496.7 496.7    196.7 786.7*   496.7 496.7    199.7 783.8  
  388.5 100.9    791.7 198.7        5 5            0 0        783.8 199.7   *491.8 491.8* 
Cycle: 51
 *483.6 483.6*   747.5 198.7    300.7 400.0    43.3 173.1     134.5 309.1    100.9 388.5  
  198.7 747.5    198.7 198.7    198.7 496.7   *198.7 794.7*   198.7 791.7    198.7 791.7  
  400.0 300.7    496.7 198.7   *496.7 496.7*       0 0        496.7 496.7*       5 5      
  173.1 43.3    *794.7 198.7*       0 0            0 0       *786.7 196.7        0 0      
  309.1 134.5    791.7 198.7   *496.7 496.7    196.7 786.7*   496.7 496.7    199.7 783.8  
  388.5 100.9    791.7 198.7        5 5            0 0        783.8 199.7   *491.8 491.8* 
Cycle: 52
 *483.6 483.6*   747.5 198.7    286.3 456.1    43.3 173.1     134.5 309.1    100.9 388.5  
  198.7 747.5    198.7 198.7    198.7 496.7   *198.7 794.7*   198.7 791.7    198.7 791.7  
  456.1 286.3    496.7 198.7   *496.7 496.7*       0 0        496.7 496.7*       5 5      
  173.1 43.3    *794.7 198.7*       0 0            0 0       *786.7 196.7        0 0      
  309.1 134.5    791.7 198.7   *496.7 496.7    196.7 786.7*   496.7 496.7    199.7 783.8  
  388.5 100.9    791.7 198.7        5 5            0 0        783.8 199.7   *491.8 491.8* 
Cycle: 53
 *483.6 483.6*   747.5 198.7    302.4 401.1    43.3 173.1     134.5 309.1    100.9 388.5  
  198.7 747.5    198.7 198.7    198.7 496.7   *198.7 794.7*   198.7 791.7    198.7 791.7  
  401.1 302.4    496.7 198.7   *496.7 496.7*       0 0        496.7 496.7*       5 5      
  173.1 43.3    *794.7 198.7*       0 0            0 0       *786.7 196.7        0 0      
  309.1 134.5    791.7 198.7   *496.7 496.7    196.7 786.7*   496.7 496.7    199.7 783.8  
  388.5 100.9    791.7 198.7        5 5            0 0        783.8 199.7   *491.8 491.8* 
Cycle: 54
 *483.6 483.6*   747.5 198.7    302.4 401.1    43.3 173.1     134.5 309.1    100.9 388.5  
  198.7 747.5    198.7 198.7    198.7 496.7   *198.7 794.7*   198.7 791.7    198.7 791.7  
  401.1 302.4    496.7 198.7   *496.7 496.7*       0 0        496.7 496.7*       5 5      
  173.1 43.3    *794.7 198.7*       0 0            0 0       *786.7 196.7        0 0      
  309.1 134.5    791.7 198.7   *496.7 496.7    196.7 786.7*   496.7 496.7    199.7 783.8  
  388.5 100.9    791.7 198.7        5 5            0 0        783.8 199.7   *491.8 491.8* 
Cycle: 55
 *483.6 483.6*   742.7 198.7    302.4 401.1    30.9 123.5     134.5 309.1    100.9 388.5  
  198.7 742.7    198.7 198.7    198.7 496.7   *198.7 794.7*   198.7 791.7    198.7 791.7  
  401.1 302.4    496.7 198.7   *496.7 496.7*       0 0        496.7 496.7*       5 5      
  123.5 30.9    *794.7 198.7*       0 0            0 0       *786.7 196.7        0 0      
  309.1 134.5    791.7 198.7   *496.7 496.7    196.7 786.7*   496.7 496.7    199.7 783.8  
  388.5 100.9    791.7 198.7        5 5            0 0        783.8 199.7   *491.8 491.8* 
Cycle: 56
 *483.6 483.6*   747.5 198.7    302.4 401.1    43.3 173.1     134.5 309.1    100.9 388.5  
  198.7 747.5    198.7 198.7    198.7 496.7   *198.7 794.7*   198.7 791.7    198.7 791.7  
  401.1 302.4    496.7 198.7   *496.7 496.7*       0 0        496.7 496.7*       5 5      
  173.1 43.3    *794.7 198.7*       0 0            0 0       *786.7 196.7        0 0      
  309.1 134.5    791.7 198.7   *496.7 496.7    196.7 786.7*   496.7 496.7    199.7 783.8  
  388.5 100.9    791.7 198.7        5 5            0 0        783.8 199.7   *491.8 491.8* 
Cycle: 57
 *483.6 483.6*   735.0 198.7    302.4 401.1    43.3 173.1     134.5 309.1    100.9 388.5  
  198.7 735.0    198.7 198.7    198.7 496.7   *198.7 794.7*   198.7 791.7    198.7 791.7  
  401.1 302.4    496.7 198.7   *496.7 496.7*       0 0        496.7 496.7*       5 5      
  173.1 43.3    *794.7 198.7*       0 0            0 0       *786.7 196.7        0 0      
  309.1 134.5    791.7 198.7   *496.7 496.7    196.7 786.7*   496.7 496.7    199.7 783.8  
  388.5 100.9    791.7 198.7        5 5            0 0        783.8 199.7   *491.8 491.8* 
Cycle: 58
 *483.6 483.6*   747.5 198.7    302.4 401.1    43.3 173.1     134.5 309.1    100.9 388.5  
  198.7 747.5    198.7 198.7    198.7 496.7   *198.7 794.7*   198.7 791.7    198.7 791.7  
  401.1 302.4    496.7 198.7   *496.7 496.7*       0 0        496.7 496.7*       5 5      
  173.1 43.3    *794.7 198.7*       0 0            0 0       *786.7 196.7        0 0      
  309.1 134.5    791.7 198.7   *496.7 496.7    196.7 786.7*   496.7 496.7    199.7 783.8  
  388.5 100.9    791.7 198.7        5 5            0 0        783.8 199.7   *491.8 491.8* 
Cycle: 59
 *483.6 483.6*   747.5 198.7    302.4 401.1    43.3 173.1     134.5 309.1    100.9 388.5  
  198.7 747.5    198.7 198.7    198.7 496.7   *198.7 794.7*   198.7 791.7    198.7 791.7  
  401.1 302.4    496.7 198.7   *496.7 496.7*       0 0        496.7 496.7*       5 5      
  173.1 43.3    *794.7 198.7*       0 0            0 0       *786.7 196.7        0 0      
  309.1 134.5    791.7 198.7   *496.7 496.7    196.7 786.7*   496.7 496.7    199.7 783.8  
  388.5 100.9    791.7 198.7        5 5            0 0        783.8 199.7   *491.8 491.8* 
Cycle: 60
 *483.6 483.6*   747.5 198.7    302.4 401.1    43.3 173.1     134.5 309.1    100.9 388.5  
  198.7 747.5    198.7 198.7    198.7 496.7   *198.7 794.7*   198.7 791.7    198.7 791.7  
  401.1 302.4    496.7 198.7   *496.7 496.7*       0 0        496.7 496.7*       5 5      
  173.1 43.3    *794.7 198.7*       0 0            0 0       *786.7 196.7        0 0      
  309.1 134.5    791.7 198.7   *496.7 496.7    196.7 786.7*   496.7 496.7    199.7 783.8  
  388.5 100.9    791.7 198.7        5 5            0 0        783.8 199.7   *491.8 491.8* 
Cycle: 61
 *483.6 483.6*   760.7 198.7    302.4 401.1    39.0 155.8     134.5 309.1    100.9 388.5  
  198.7 760.7    198.7 198.7    198.7 496.7   *198.7 794.7*   198.7 791.7    198.7 791.7  
  401.1 302.4    496.7 198.7   *496.7 496.7*       0 0        496.7 496.7*       5 5      
  155.8 39.0    *794.7 198.7*       0 0            0 0       *786.7 196.7        0 0      
  309.1 134.5    791.7 198.7   *496.7 496.7    196.7 786.7*   496.7 496.7    199.7 783.8  
  388.5 100.9    791.7 198.7        5 5            0 0        783.8 199.7   *491.8 491.8* 
Cycle: 62
 *483.6 483.6*   760.7 198.7    302.4 401.1    39.0 155.8     134.5 309.1    100.9 388.5  
  198.7 760.7    198.7 198.7    198.7 496.7   *198.7 794.7*   198.7 791.7    198.7 791.7  
  401.1 302.4    496.7 198.7   *496.7 496.7*       0 0        496.7 496.7*       5 5      
  155.8 39.0    *794.7 198.7*       0 0            0 0       *786.7 196.7        0 0      
  309.1 134.5    791.7 198.7   *496.7 496.7    196.7 786.7*   496.7 496.7    199.7 783.8  
  388.5 100.9    791.7 198.7        5 5            0 0        783.8 199.7   *491.8 491.8* 
Cycle: 63
 *483.6 483.6*   760.7 198.7    302.4 401.1    39.0 155.8     134.5 309.1    100.9 388.5  
  198.7 760.7    198.7 198.7    198.7 496.7   *198.7 794.7*   198.7 791.7    198.7 791.7  
  401.1 302.4    496.7 198.7   *496.7 496.7*       0 0        496.7 496.7*       5 5      
  155.8 39.0    *794.7 198.7*       0 0            0 0       *786.7 196.7        0 0      
  309.1 134.5    791.7 198.7   *496.7 496.7    196.7 786.7*   496.7 496.7    199.7 783.8  
  388.5 100.9    791.7 198.7        5 5            0 0        783.8 199.7   *491.8 491.8* 
Cycle: 64
 *483.6 483.6*   760.7 198.7    302.4 401.1    39.0 155.8     134.5 309.1    100.9 388.5  
  198.7 760.7    198.7 198.7    198.7 496.7   *198.7 794.7*   198.7 791.7    198.7 791.7  
  401.1 302.4    496.7 198.7   *496.7 496.7*       0 0        496.7 496.7*       5 5      
  155.8 39.0    *794.7 198.7*       0 0            0 0       *786.7 196.7        0 0      
  309.1 134.5    791.7 198.7   *496.7 496.7    196.7 786.7*   496.7 496.7    199.7 783.8  
  388.5 100.9    791.7 198.7        5 5            0 0        783.8 199.7   *491.8 491.8* 
Cycle: 65
 *483.6 483.6*   760.7 198.7    136.4 304.4    39.0 155.8     627.1 244.7    81.8 197.1   
  198.7 760.7    198.7 198.7    198.7 496.7   *198.7 794.7*   198.7 791.7    198.7 791.7  
  304.4 136.4    496.7 198.7   *496.7 496.7*       0 0        496.7 496.7*       5 5      
  155.8 39.0    *794.7 198.7*       0 0            0 0       *786.7 196.7        0 0      
  244.7 627.1    791.7 198.7   *496.7 496.7    196.7 786.7*   496.7 496.7    199.7 783.8  
  197.1 81.8     791.7 198.7        5 5            0 0        783.8 199.7   *491.8 491.8* 
Cycle: 66
 *483.6 483.6*   760.7 198.7    136.4 304.4    39.0 155.8     627.1 244.7    84.6 191.6   
  198.7 760.7    198.7 198.7    198.7 496.7   *198.7 794.7*   198.7 791.7    198.7 791.7  
  304.4 136.4    496.7 198.7   *496.7 496.7*       0 0        496.7 496.7*       5 5      
  155.8 39.0    *794.7 198.7*       0 0            0 0       *786.7 196.7        0 0      
  244.7 627.1    791.7 198.7   *496.7 496.7    196.7 786.7*   496.7 496.7    199.7 783.8  
  191.6 84.6     791.7 198.7        5 5            0 0        783.8 199.7   *491.8 491.8* 
Cycle: 67
 *483.6 483.6*   760.7 198.7    136.4 304.4    39.0 155.8     624.3 245.5    84.6 191.6   
  198.7 760.7    198.7 198.7    198.7 496.7   *198.7 794.7*   198.7 791.7    198.7 791.7  
  304.4 136.4    496.7 198.7   *496.7 496.7*       0 0        496.7 496.7*       5 5      
  155.8 39.0    *794.7 198.7*       0 0            0 0       *786.7 196.7        0 0      
  245.5 624.3    791.7 198.7   *496.7 496.7    196.7 786.7*   496.7 496.7    199.7 783.8  
  191.6 84.6     791.7 198.7        5 5            0 0        783.8 199.7   *491.8 491.8* 
Cycle: 68
 *483.6 483.6*   760.7 198.7    224.3 335.7    42.3 169.3     627.1 244.7     23.2 62.6   
  198.7 760.7    198.7 198.7    198.7 496.7   *198.7 794.7*   198.7 791.7    198.7 791.7  
  335.7 224.3    496.7 198.7   *496.7 496.7*       0 0        496.7 496.7*       5 5      
  169.3 42.3    *794.7 198.7*       0 0            0 0       *786.7 196.7        0 0      
  244.7 627.1    791.7 198.7   *496.7 496.7    196.7 786.7*   496.7 496.7    199.7 783.8  
   62.6 23.2     791.7 198.7        5 5            0 0        783.8 199.7   *491.8 491.8* 
Cycle: 69
 *483.6 483.6*   760.7 198.7    224.3 335.7    42.3 169.3     453.9 465.4    87.2 217.5   
  198.7 760.7    198.7 198.7    198.7 496.7   *198.7 794.7*   198.7 791.7    198.7 791.7  
  335.7 224.3    496.7 198.7   *496.7 496.7*       0 0        496.7 496.7*       5 5      
  169.3 42.3    *794.7 198.7*       0 0            0 0       *786.7 196.7        0 0      
  465.4 453.9    791.7 198.7   *496.7 496.7    196.7 786.7*   496.7 496.7    199.7 783.8  
  217.5 87.2     791.7 198.7        5 5            0 0        783.8 199.7   *491.8 491.8* 
Cycle: 70
 *483.6 483.6*   215.5 198.7    212.2 398.8    42.3 169.3     453.9 465.4    87.2 217.5   
  198.7 215.5    198.7 198.7    198.7 496.7   *198.7 794.7*   198.7 791.7    198.7 791.7  
  398.8 212.2    496.7 198.7   *496.7 496.7*       0 0        496.7 496.7*       5 5      
  169.3 42.3    *794.7 198.7*       0 0            0 0       *786.7 196.7        0 0      
  465.4 453.9    791.7 198.7   *496.7 496.7    196.7 786.7*   496.7 496.7    199.7 783.8  
  217.5 87.2     791.7 198.7        5 5            0 0        783.8 199.7   *491.8 491.8* 
Cycle: 71
 *479.1 479.1*   215.5 198.7    212.2 398.8    42.3 169.3     453.9 465.4    87.2 217.5   
  198.7 215.5    198.7 198.7    198.7 496.7   *198.7 794.7*   198.7 791.7    198.7 791.7  
  398.8 212.2    496.7 198.7   *496.7 496.7*       0 0        496.7 496.7*       5 5      
  169.3 42.3    *794.7 198.7*       0 0            0 0       *786.7 196.7        0 0      
  465.4 453.9    791.7 198.7   *496.7 496.7    196.7 786.7*   496.7 496.7    199.7 783.8  
  217.5 87.2     791.7 198.7        5 5            0 0        783.8 199.7   *491.8 491.8* 
Cycle: 72
 *483.6 483.6*   215.5 198.7    254.1 265.4    42.3 169.3     453.9 465.4    93.9 218.2   
  198.7 215.5    198.7 198.7    198.7 496.7   *198.7 794.7*   198.7 791.7    198.7 791.7  
  265.4 254.1    496.7 198.7   *496.7 496.7*       0 0        496.7 496.7*       5 5      
  169.3 42.3    *794.7 198.7*       0 0            0 0       *786.7 196.7        0 0      
  465.4 453.9    791.7 198.7   *496.7 496.7    196.7 786.7*   496.7 496.7    199.7 783.8  
  218.2 93.9     791.7 198.7        5 5            0 0        783.8 199.7   *491.8 491.8* 
Cycle: 73
 *483.6 483.6*   215.5 198.7    254.1 265.4    56.7 226.9     453.9 465.4    56.6 208.4   
  198.7 215.5    198.7 198.7    198.7 496.7   *198.7 794.7*   198.7 791.7    198.7 791.7  
  265.4 254.1    496.7 198.7   *496.7 496.7*       0 0        496.7 496.7*       5 5      
  226.9 56.7    *794.7 198.7*       0 0            0 0       *786.7 196.7        0 0      
  465.4 453.9    791.7 198.7   *496.7 496.7    196.7 786.7*   496.7 496.7    199.7 783.8  
  208.4 56.6     791.7 198.7        5 5            0 0        783.8 199.7   *491.8 491.8* 
Cycle: 74
 *483.6 483.6*   774.5 198.7    254.1 265.4    56.7 226.9     453.9 465.4    56.6 208.4   
  198.7 774.5    198.7 198.7    198.7 496.7   *198.7 794.7*   198.7 791.7    198.7 791.7  
  265.4 254.1    496.7 198.7   *496.7 496.7*       0 0        496.7 496.7*       5 5      
  226.9 56.7    *794.7 198.7*       0 0            0 0       *786.7 196.7        0 0      
  465.4 453.9    791.7 198.7   *496.7 496.7    196.7 786.7*   496.7 496.7    199.7 783.8  
  208.4 56.6     791.7 198.7        5 5            0 0        783.8 199.7   *491.8 491.8* 
Cycle: 75
 *483.6 483.6*   774.5 198.7    143.6 154.9    58.6 234.3     453.9 465.4    58.4 215.7   
  198.7 774.5    198.7 198.7    198.7 496.7   *198.7 794.7*   198.7 791.7    198.7 791.7  
  154.9 143.6    496.7 198.7   *496.7 496.7*       0 0        496.7 496.7*       5 5      
  234.3 58.6    *794.7 198.7*       0 0            0 0       *786.7 196.7        0 0      
  465.4 453.9    791.7 198.7   *496.7 496.7    196.7 786.7*   496.7 496.7    199.7 783.8  
  215.7 58.4     791.7 198.7        5 5            0 0        783.8 199.7   *491.8 491.8* 
Cycle: 76
 *483.6 483.6*   774.5 198.7    143.6 154.9    56.7 226.7     453.9 465.4    56.5 208.2   
  198.7 774.5    198.7 198.7    198.7 496.7   *198.7 794.7*   198.7 791.7    198.7 791.7  
  154.9 143.6    496.7 198.7   *496.7 496.7*       0 0        496.7 496.7*       5 5      
  226.7 56.7    *794.7 198.7*       0 0            0 0       *786.7 196.7        0 0      
  465.4 453.9    791.7 198.7   *496.7 496.7    196.7 786.7*   496.7 496.7    199.7 783.8  
  208.2 56.5     791.7 198.7        5 5            0 0        783.8 199.7   *491.8 491.8* 
Cycle: 77
 *478.3 478.3*   774.5 198.7    143.5 154.9    56.9 227.7     453.1 463.3    56.5 208.2   
  198.7 774.5    198.7 198.7    198.7 496.7   *198.7 794.7*   198.7 791.7    198.7 791.7  
  154.9 143.5    496.7 198.7   *496.7 496.7*       0 0        496.7 496.7*       5 5      
  227.7 56.9    *794.7 198.7*       0 0            0 0       *786.7 196.7        0 0      
  463.3 453.1    791.7 198.7   *496.7 496.7    196.7 786.7*   496.7 496.7    199.7 783.8  
  208.2 56.5     791.7 198.7        5 5            0 0        783.8 199.7   *491.8 491.8* 
Cycle: 78
 *483.6 483.6*   774.5 198.7    233.1 338.2    56.7 226.7     453.9 465.4    56.5 208.2   
  198.7 774.5    198.7 198.7    198.7 496.7   *198.7 794.7*   198.7 791.7    198.7 791.7  
  338.2 233.1    496.7 198.7   *496.7 496.7*       0 0        496.7 496.7*       5 5      
  226.7 56.7    *794.7 198.7*       0 0            0 0       *786.7 196.7        0 0      
  465.4 453.9    791.7 198.7   *496.7 496.7    196.7 786.7*   496.7 496.7    199.7 783.8  
  208.2 56.5     791.7 198.7        5 5            0 0        783.8 199.7   *491.8 491.8* 
Cycle: 79
 *483.6 483.6*   774.5 198.7    221.4 326.5    57.4 229.6     449.1 460.9    58.5 208.5   
  198.7 774.5    198.7 198.7    198.7 496.7   *198.7 794.7*   198.7 791.7    198.7 791.7  
  326.5 221.4    496.7 198.7   *496.7 496.7*       0 0        496.7 496.7*       5 5      
  229.6 57.4    *794.7 198.7*       0 0            0 0       *786.7 196.7        0 0      
  460.9 449.1    791.7 198.7   *496.7 496.7    196.7 786.7*   496.7 496.7    199.7 783.8  
  208.5 58.5     791.7 198.7        5 5            0 0        783.8 199.7   *491.8 491.8* 
Cycle: 80
 *483.6 483.6*   774.5 198.7    221.4 326.5    56.7 226.7     295.0 314.4    56.5 208.2   
  198.7 774.5    198.7 198.7    198.7 496.7   *198.7 794.7*   198.7 791.7    198.7 791.7  
  326.5 221.4    496.7 198.7   *496.7 496.7*       0 0        496.7 496.7*       5 5      
  226.7 56.7    *794.7 198.7*       0 0            0 0       *786.7 196.7        0 0      
  314.4 295.0    791.7 198.7   *496.7 496.7    196.7 786.7*   496.7 496.7    199.7 783.8  
  208.2 56.5     791.7 198.7        5 5            0 0        783.8 199.7   *491.8 491.8* 
Cycle: 81
 *483.6 483.6*   774.5 198.7    225.0 319.3    56.7 226.7     295.0 314.4    56.5 208.2   
  198.7 774.5    198.7 198.7    198.7 496.7   *198.7 794.7*   198.7 791.7    198.7 791.7  
  319.3 225.0    496.7 198.7   *496.7 496.7*       0 0        496.7 496.7*       5 5      
  226.7 56.7    *794.7 198.7*       0 0            0 0       *786.7 196.7        0 0      
  314.4 295.0    791.7 198.7   *496.7 496.7    196.7 786.7*   496.7 496.7    199.7 783.8  
  208.2 56.5     791.7 198.7        5 5            0 0        783.8 199.7   *491.8 491.8* 
Cycle: 82
 *483.6 483.6*   774.5 198.7    225.0 319.3    56.7 226.7     295.0 314.4    53.7 197.1   
  198.7 774.5    198.7 198.7    198.7 496.7   *198.7 794.7*   198.7 791.7    198.7 791.7  
  319.3 225.0    496.7 198.7   *496.7 496.7*       0 0        496.7 496.7*       5 5      
  226.7 56.7    *794.7 198.7*       0 0            0 0       *786.7 196.7        0 0      
  314.4 295.0    791.7 198.7   *496.7 496.7    196.7 786.7*   496.7 496.7    199.7 783.8  
  197.1 53.7     791.7 198.7        5 5            0 0        783.8 199.7   *491.8 491.8* 
Cycle: 83
 *483.6 483.6*   774.5 198.7    225.0 319.3    56.7 226.7     295.0 314.4    53.7 197.1   
  198.7 774.5    198.7 198.7    198.7 496.7   *198.7 794.7*   198.7 791.7    198.7 791.7  
  319.3 225.0    496.7 198.7   *496.7 496.7*       0 0        496.7 496.7*       5 5      
  226.7 56.7    *794.7 198.7*       0 0            0 0       *786.7 196.7        0 0      
  314.4 295.0    791.7 198.7   *496.7 496.7    196.7 786.7*   496.7 496.7    199.7 783.8  
  197.1 53.7     791.7 198.7        5 5            0 0        783.8 199.7   *491.8 491.8* 
Cycle: 84
 *483.6 483.6*   774.5 198.7    225.0 319.3    56.7 226.7     458.9 460.6    53.7 197.1   
  198.7 774.5    198.7 198.7    198.7 496.7   *198.7 794.7*   198.7 791.7    198.7 791.7  
  319.3 225.0    496.7 198.7   *496.7 496.7*       0 0        496.7 496.7*       5 5      
  226.7 56.7    *794.7 198.7*       0 0            0 0       *786.7 196.7        0 0      
  460.6 458.9    791.7 198.7   *496.7 496.7    196.7 786.7*   496.7 496.7    199.7 783.8  
  197.1 53.7     791.7 198.7        5 5            0 0        783.8 199.7   *491.8 491.8* 
Cycle: 85
 *483.6 483.6*   774.5 198.7    225.0 319.3    56.7 226.7     458.9 460.6    53.7 197.1   
  198.7 774.5    198.7 198.7    198.7 496.7   *198.7 794.7*   198.7 791.7    198.7 791.7  
  319.3 225.0    496.7 198.7   *496.7 496.7*       0 0        496.7 496.7*       5 5      
  226.7 56.7    *794.7 198.7*       0 0            0 0       *786.7 196.7        0 0      
  460.6 458.9    791.7 198.7   *496.7 496.7    196.7 786.7*   496.7 496.7    199.7 783.8  
  197.1 53.7     791.7 198.7        5 5            0 0        783.8 199.7   *491.8 491.8* 
Cycle: 86
 *482.7 482.7*   768.9 198.7    225.0 319.2    56.7 226.7     458.9 460.5    53.7 197.3   
  198.7 768.9    198.7 198.7    198.7 496.7   *198.7 794.7*   198.7 791.7    198.7 791.7  
  319.2 225.0    496.7 198.7   *496.7 496.7*       0 0        496.7 496.7*       5 5      
  226.7 56.7    *794.7 198.7*       0 0            0 0       *786.7 196.7        0 0      
  460.5 458.9    791.7 198.7   *496.7 496.7    196.7 786.7*   496.7 496.7    199.7 783.8  
  197.3 53.7     791.7 198.7        5 5            0 0        783.8 199.7   *491.8 491.8* 
Cycle: 87
 *483.6 483.6*   774.5 198.7    225.0 319.3    56.7 226.7     458.9 460.6    53.7 197.1   
  198.7 774.5    198.7 198.7    198.7 496.7   *198.7 794.7*   198.7 791.7    198.7 791.7  
  319.3 225.0    496.7 198.7   *496.7 496.7*       0 0        496.7 496.7*       5 5      
  226.7 56.7    *794.7 198.7*       0 0            0 0       *786.7 196.7        0 0      
  460.6 458.9    791.7 198.7   *496.7 496.7    196.7 786.7*   496.7 496.7    199.7 783.8  
  197.1 53.7     791.7 198.7        5 5            0 0        783.8 199.7   *491.8 491.8* 
Cycle: 88
 *483.6 483.6*   774.5 198.7    225.0 319.3    56.7 226.7     457.8 458.7    53.7 197.1   
  198.7 774.5    198.7 198.7    198.7 496.7   *198.7 794.7*   198.7 791.7    198.7 791.7  
  319.3 225.0    496.7 198.7   *496.7 496.7*       0 0        496.7 496.7*       5 5      
  226.7 56.7    *794.7 198.7*       0 0            0 0       *786.7 196.7        0 0      
  458.7 457.8    791.7 198.7   *496.7 496.7    196.7 786.7*   496.7 496.7    199.7 783.8  
  197.1 53.7     791.7 198.7        5 5            0 0        783.8 199.7   *491.8 491.8* 
Cycle: 89
 *483.6 483.6*   774.5 198.7    225.0 319.3    56.7 226.7     458.9 460.6    53.7 197.1   
  198.7 774.5    198.7 198.7    198.7 496.7   *198.7 794.7*   198.7 791.7    198.7 791.7  
  319.3 225.0    496.7 198.7   *496.7 496.7*       0 0        496.7 496.7*       5 5      
  226.7 56.7    *794.7 198.7*       0 0            0 0       *786.7 196.7        0 0      
  460.6 458.9    791.7 198.7   *496.7 496.7    196.7 786.7*   496.7 496.7    199.7 783.8  
  197.1 53.7     791.7 198.7        5 5            0 0        783.8 199.7   *491.8 491.8* 
Cycle: 90
 *483.6 483.6*   774.5 198.7    225.0 319.3    56.7 226.7     458.9 460.6    53.7 197.1   
  198.7 774.5    198.7 198.7    198.7 496.7   *198.7 794.7*   198.7 791.7    198.7 791.7  
  319.3 225.0    496.7 198.7   *496.7 496.7*       0 0        496.7 496.7*       5 5      
  226.7 56.7    *794.7 198.7*       0 0            0 0       *786.7 196.7        0 0      
  460.6 458.9    791.7 198.7   *496.7 496.7    196.7 786.7*   496.7 496.7    199.7 783.8  
  197.1 53.7     791.7 198.7        5 5            0 0        783.8 199.7   *491.8 491.8* 
Cycle: 91
 *483.6 483.6*   774.5 198.7    225.0 319.3    56.7 226.7     458.9 460.6    53.7 197.1   
  198.7 774.5    198.7 198.7    198.7 496.7   *198.7 794.7*   198.7 791.7    198.7 791.7  
  319.3 225.0    496.7 198.7   *496.7 496.7*       0 0        496.7 496.7*       5 5      
  226.7 56.7    *794.7 198.7*       0 0            0 0       *786.7 196.7        0 0      
  460.6 458.9    791.7 198.7   *496.7 496.7    196.7 786.7*   496.7 496.7    199.7 783.8  
  197.1 53.7     791.7 198.7        5 5            0 0        783.8 199.7   *491.8 491.8* 
Cycle: 92
 *483.6 483.6*   774.5 198.7    179.0 315.1    56.7 226.7     458.9 460.6    53.7 197.1   
  198.7 774.5    198.7 198.7    198.7 496.7   *198.7 794.7*   198.7 791.7    198.7 791.7  
  315.1 179.0    496.7 198.7   *496.7 496.7*       0 0        496.7 496.7*       5 5      
  226.7 56.7    *794.7 198.7*       0 0            0 0       *786.7 196.7        0 0      
  460.6 458.9    791.7 198.7   *496.7 496.7    196.7 786.7*   496.7 496.7    199.7 783.8  
  197.1 53.7     791.7 198.7        5 5            0 0        783.8 199.7   *491.8 491.8* 
Cycle: 93
 *483.6 483.6*   774.5 198.7    179.0 315.1    56.7 226.7     417.9 380.1    53.7 197.1   
  198.7 774.5    198.7 198.7    198.7 496.7   *198.7 794.7*   198.7 791.7    198.7 791.7  
  315.1 179.0    496.7 198.7   *496.7 496.7*       0 0        496.7 496.7*       5 5      
  226.7 56.7    *794.7 198.7*       0 0            0 0       *786.7 196.7        0 0      
  380.1 417.9    791.7 198.7   *496.7 496.7    196.7 786.7*   496.7 496.7    199.7 783.8  
  197.1 53.7     791.7 198.7        5 5            0 0        783.8 199.7   *491.8 491.8* 
Cycle: 94
 *484.1 484.1*   774.5 198.7    176.1 315.1    56.7 226.7     752.5 228.7    53.7 197.1   
  198.7 774.5    198.7 198.7    198.7 496.7   *198.7 794.7*   198.7 791.7    198.7 791.7  
  315.1 176.1    496.7 198.7   *496.7 496.7*       0 0        496.7 496.7*       5 5      
  226.7 56.7    *794.7 198.7*       0 0            0 0       *786.7 196.7        0 0      
  228.7 752.5    791.7 198.7   *496.7 496.7    196.7 786.7*   496.7 496.7    199.7 783.8  
  197.1 53.7     791.7 198.7        5 5            0 0        783.8 199.7   *491.8 491.8* 
Cycle: 95
 *484.1 484.1*   774.5 198.7    176.1 315.1    56.7 226.7     752.5 228.7    53.7 197.1   
  198.7 774.5    198.7 198.7    198.7 496.7   *198.7 794.7*   198.7 791.7    198.7 791.7  
  315.1 176.1    496.7 198.7   *496.7 496.7*       0 0        496.7 496.7*       5 5      
  226.7 56.7    *794.7 198.7*       0 0            0 0       *786.7 196.7        0 0      
  228.7 752.5    791.7 198.7   *496.7 496.7    196.7 786.7*   496.7 496.7    199.7 783.8  
  197.1 53.7     791.7 198.7        5 5            0 0        783.8 199.7   *491.8 491.8* 
Cycle: 96
 *484.1 484.1*   774.5 198.7    176.1 315.1    56.7 226.7     752.5 228.7    53.7 197.1   
  198.7 774.5    198.7 198.7    198.7 496.7   *198.7 794.7*   198.7 791.7    198.7 791.7  
  315.1 176.1    496.7 198.7   *496.7 496.7*       0 0        496.7 496.7*       5 5      
  226.7 56.7    *794.7 198.7*       0 0            0 0       *786.7 196.7        0 0      
  228.7 752.5    791.7 198.7   *496.7 496.7    196.7 786.7*   496.7 496.7    199.7 783.8  
  197.1 53.7     791.7 198.7        5 5            0 0        783.8 199.7   *491.8 491.8* 
Cycle: 97
 *484.1 484.1*   774.5 198.7    176.1 315.1    56.7 226.7     752.5 228.7    53.7 197.1   
  198.7 774.5    198.7 198.7    198.7 496.7   *198.7 794.7*   198.7 791.7    198.7 791.7  
  315.1 176.1    496.7 198.7   *496.7 496.7*       0 0        496.7 496.7*       5 5      
  226.7 56.7    *794.7 198.7*       0 0            0 0       *786.7 196.7        0 0      
  228.7 752.5    791.7 198.7   *496.7 496.7    196.7 786.7*   496.7 496.7    199.7 783.8  
  197.1 53.7     791.7 198.7        5 5            0 0        783.8 199.7   *491.8 491.8* 
Cycle: 98
 *484.1 484.1*   774.1 198.7    176.1 315.1    56.7 226.7     752.5 228.7    53.7 197.1   
  198.7 774.1    198.7 198.7    198.7 496.7   *198.7 794.7*   198.7 791.7    198.7 791.7  
  315.1 176.1    496.7 198.7   *496.7 496.7*       0 0        496.7 496.7*       5 5      
  226.7 56.7    *794.7 198.7*       0 0            0 0       *786.7 196.7        0 0      
  228.7 752.5    791.7 198.7   *496.7 496.7    196.7 786.7*   496.7 496.7    199.7 783.8  
  197.1 53.7     791.7 198.7        5 5            0 0        783.8 199.7   *491.8 491.8* 
Cycle: 99
 *484.1 484.1*   774.5 198.7    176.1 315.1    56.7 226.7     752.5 228.7    60.6 211.1   
  198.7 774.5    198.7 198.7    198.7 496.7   *198.7 794.7*   198.7 791.7    198.7 791.7  
  315.1 176.1    496.7 198.7   *496.7 496.7*       0 0        496.7 496.7*       5 5      
  226.7 56.7    *794.7 198.7*       0 0            0 0       *786.7 196.7        0 0      
  228.7 752.5    791.7 198.7   *496.7 496.7    196.7 786.7*   496.7 496.7    199.7 783.8  
  211.1 60.6     791.7 198.7        5 5            0 0        783.8 199.7   *491.8 491.8* 
>>>>>>> 314c061b81a84fa2025850cd5125c84ec6c01ded
